8.622186 1.935796 -1
-4.736710 -7.970958 -1
9.621222 0.925423 -1
6.162095 -0.273254 -1
8.697488 -1.057452 -1
-4.635728 -11.353827 -1
6.616513 1.148031 1
-7.027642 -10.134640 -1
6.159925 1.477024 -1
8.764908 0.144357 -1
-5.157931 -9.991879 -1
7.213337 1.510546 -1
8.255058 0.134450 -1
7.379562 0.401177 1
5.942056 10.507684 1
7.883572 10.939695 1
7.829448 9.626271 1
-5.266285 -9.900710 -1
7.144610 11.254632 1
6.346815 10.330756 1
4.970850 1.694217 -1
7.891672 9.359526 1
8.361866 9.089581 1
-6.212499 -8.537004 -1
7.669360 -0.005599 -1
-7.062111 -9.965310 -1
-6.004278 -9.356070 -1
-5.584165 -9.474463 -1
-5.190066 -9.745466 -1
-6.115857 -9.400841 -1
-6.275611 -11.027029 -1
-4.504566 -7.889085 -1
-4.197484 -9.869390 -1
8.776914 1.134978 -1
-5.687452 -10.378949 -1
7.861941 8.796509 1
7.237219 0.857043 1
-4.970030 -8.476658 -1
5.867498 8.177152 1
6.173573 8.737566 1
10.026166 9.903861 1
-4.932818 -8.899057 -1
-4.743605 -10.928071 -1
8.471431 1.759733 -1
6.107234 1.730103 -1
-5.806393 -8.494166 -1
-3.766829 -9.573632 -1
5.505413 1.158179 -1
-3.906122 -7.834140 -1
7.744040 9.388196 1
9.156683 9.594599 1
7.686797 8.254407 1
8.189047 10.590292 1
7.657501 10.543871 1
-5.869475 -9.085585 -1
-5.110720 -8.122426 -1
5.757792 9.567245 1
-5.329645 -9.476549 -1
8.995584 9.042044 1
7.217983 1.842090 -1
6.872085 1.263368 1
-5.123488 -11.503602 -1
6.730299 0.054576 -1
7.669613 0.244915 1
-5.466289 -10.132055 -1
8.809962 11.902170 1
5.794460 0.989948 -1
5.598789 7.591700 1
8.815456 8.763861 1
7.542578 7.024030 1
8.263415 10.347235 1
8.423782 -0.953960 -1
6.649261 -0.621090 -1
-5.195080 -9.268608 -1
6.944342 -1.311319 -1
6.798849 0.379789 1
-4.830746 -8.970779 -1
6.698195 10.501003 1
-6.568228 -10.525334 -1
6.119032 1.214129 -1
7.727890 0.444555 1
-4.747530 -9.518459 -1
5.612504 0.734891 -1
7.177998 2.858352 -1
-4.892063 -9.062657 -1
-7.051113 -9.388053 -1
-7.694830 -9.531113 -1
5.278018 8.934741 1
9.192427 8.684329 1
7.048082 -0.589016 -1
7.057915 11.329981 1
7.645628 8.236672 1
9.393896 11.217157 1
5.073375 10.524830 1
-3.531492 -9.185458 -1
5.054085 10.079010 1
8.189883 1.438211 -1
6.715800 11.406780 1
-4.151395 -10.970741 -1
7.020105 10.496383 1
-5.169952 -9.979981 -1
8.239634 0.379383 -1
7.322521 10.456618 1
7.514634 10.141076 1
-4.947944 -8.002738 -1
5.280549 -0.644611 -1
8.185144 9.513378 1
-2.321547 -10.393979 -1
5.529003 1.179256 -1
6.385641 0.849060 -1
-6.456035 -10.241084 -1
9.006186 1.302993 -1
8.203245 1.029187 -1
-5.239141 -10.068073 -1
7.578183 9.586292 1
-4.446337 -9.293124 -1
-6.742683 -9.485312 -1
-3.913606 -9.270269 -1
-5.127831 -10.431924 -1
6.897038 7.980810 1
-4.557600 -9.966651 -1
7.650104 0.378326 1
-5.260949 -10.759533 -1
8.856583 9.522040 1
-6.223466 -8.411476 -1
-5.011436 -10.283034 -1
7.248120 8.015368 1
7.084989 -0.086249 -1
9.196424 11.575370 1
7.407839 6.936331 1
7.050451 8.738814 1
-5.182611 -11.493729 -1
6.045841 -0.875686 -1
7.583475 9.168472 1
7.924096 8.644638 1
-5.421829 -10.027968 -1
9.403531 8.095921 1
8.243680 1.498954 -1
5.829449 -0.509266 -1
7.352660 2.228810 -1
7.207931 1.124047 1
7.676643 1.258895 -1
-5.929368 -10.810115 -1
-4.466424 -7.973392 -1
-4.011461 -9.628754 -1
-4.582030 -9.095424 -1
-5.234304 -9.053162 -1
-3.518071 -9.049092 -1
7.493413 11.008924 1
6.558192 8.847933 1
-5.060553 -10.854815 -1
7.932763 0.643356 -1
7.368023 0.658711 1
-4.472975 -10.388165 -1
-5.613104 -9.685048 -1
7.970490 9.541129 1
-4.764191 -10.805711 -1
8.754417 0.845653 -1
7.287250 7.620998 1
-5.421541 -9.376649 -1
7.406887 1.371880 1
8.998949 -0.175919 -1
6.711500 0.263747 1
-5.728738 -10.249802 -1
-5.765965 -9.490422 -1
7.312943 9.921663 1
6.432755 0.947258 -1
8.766431 9.303503 1
-7.412505 -9.637172 -1
7.105385 9.289557 1
-6.362098 -9.635441 -1
5.845618 8.408799 1
-6.806005 -11.200393 -1
8.619899 1.016834 -1
6.544333 0.360126 -1
8.734061 2.273989 -1
8.259501 9.078816 1
-4.434153 -8.696581 -1
7.269470 10.983204 1
7.197690 9.758364 1
6.437531 11.278522 1
5.222313 -0.079313 -1
6.484657 8.829499 1
8.331404 -0.328093 -1
-4.152243 -10.375851 -1
6.102769 -0.029057 -1
6.376371 -0.333445 -1
8.281756 9.023810 1
-4.547985 -9.164742 -1
7.630271 8.697979 1
-4.786808 -10.385014 -1
-7.170683 -10.672530 -1
-5.472790 -10.380870 -1
-4.047228 -8.440695 -1
7.740678 3.529122 -1
6.949735 0.943668 1
5.726097 10.122723 1
8.399158 1.073771 -1
7.734932 9.481943 1
7.469969 8.449353 1
6.936188 10.321692 1
-6.189307 -9.542202 -1
5.878775 -0.253264 -1
8.322451 9.678192 1
7.101853 1.869624 -1
-4.723743 -8.507970 -1
-7.301369 -10.184645 -1
8.472425 0.891140 -1
8.819633 0.382069 -1
-4.466249 -10.733760 -1
8.489378 -0.429270 -1
6.393715 1.079915 -1
7.542140 9.146222 1
5.715572 9.750438 1
7.930887 2.389281 -1
7.242724 1.083095 1
8.993341 9.731349 1
6.354469 10.864034 1
-4.952495 -10.889758 -1
7.943107 8.206223 1
8.943024 8.407217 1
7.270241 0.018637 -1
7.612029 9.028170 1
-5.651477 -9.847651 -1
-6.026117 -10.572276 -1
-5.540956 -9.053191 -1
9.941099 9.223957 1
8.024041 2.467372 -1
-5.941516 -10.947435 -1
-4.379949 -8.255832 -1
8.552472 0.940964 -1
-4.244981 -9.110639 -1
7.933948 2.608371 -1
7.731029 1.826798 -1
-4.801313 -8.119561 -1
7.059546 0.135475 1
7.224253 0.185508 1
6.690749 11.951698 1
7.941566 10.170171 1
-5.964066 -10.333533 -1
8.911112 9.149333 1
6.604967 1.230702 1
-5.591181 -11.087785 -1
-5.836715 -11.110829 -1
-5.288820 -11.051828 -1
7.127878 -0.136328 -1
-6.813641 -9.312769 -1
6.771516 2.827681 -1
8.204206 9.314904 1
6.278772 8.721864 1
-5.741298 -9.765086 -1
8.725787 10.346917 1
-6.271373 -9.814255 -1
-5.362496 -10.322680 -1
-6.007696 -8.991224 -1
5.469820 1.117201 -1
7.969147 -1.573852 -1
6.089314 -0.336203 -1
7.460748 9.765379 1
8.601997 8.326589 1
8.380574 9.997722 1
8.210425 7.852070 1
-5.867354 -10.368109 -1
6.704581 0.900553 1
-6.679617 -9.285244 -1
-5.363068 -10.126870 -1
-3.900944 -8.767218 -1
-6.801008 -9.584029 -1
-6.461403 -9.407558 -1
-5.555655 -9.524213 -1
8.887156 9.691330 1
7.738310 9.562368 1
6.398940 0.556630 -1
-5.315372 -10.434854 -1
-6.252864 -9.486587 -1
7.274233 9.184600 1
8.635642 8.674558 1
6.083609 2.294314 -1
-7.410748 -9.178410 -1
9.371511 1.437606 -1
7.344116 0.894173 1
6.095929 6.519289 1
-4.580451 -10.573907 -1
-5.646608 -8.411892 -1
-4.860828 -10.059628 -1
-5.668051 -8.723216 -1
7.704762 8.757450 1
8.355843 1.773362 -1
8.008998 8.858211 1
-5.934577 -10.260090 -1
-6.146696 -11.054808 -1
5.934352 9.476117 1
6.090070 0.459278 -1
-5.630494 -9.313058 -1
-7.095737 -9.084102 -1
7.021174 0.354963 1
6.915117 8.648124 1
8.301259 9.663941 1
7.803611 9.745613 1
-5.405083 -9.679658 -1
8.317930 8.129727 1
6.015169 0.529969 -1
7.926478 2.563457 -1
-4.725302 -10.137299 -1
-6.728763 -10.478127 -1
-3.098172 -9.651961 -1
-6.880806 -10.351768 -1
8.045579 1.141144 1
6.596821 8.020069 1
8.210793 9.622313 1
5.109272 1.205277 -1
8.477884 -0.631869 -1
8.758950 8.375096 1
8.553082 0.467367 -1
10.243581 0.997858 -1
8.313413 9.983846 1
-6.056286 -8.655883 -1
7.051093 -1.164468 -1
9.152219 9.444450 1
-4.618837 -9.467087 -1
-6.226510 -9.063631 -1
8.657226 10.567352 1
6.364476 0.237494 -1
7.141716 0.103115 1
-5.564197 -9.350637 -1
8.209892 10.425294 1
6.137357 8.287569 1
-5.394953 -10.331572 -1
-6.420375 -9.041122 -1
7.828330 7.768649 1
6.967768 10.134154 1
8.005995 9.533884 1
-5.660096 -10.942332 -1
9.022555 10.067779 1
7.544678 2.361624 -1
-4.144663 -8.431738 -1
7.732448 8.864140 1
7.825654 1.488380 -1
-6.017971 -11.618816 -1
-5.495313 -10.282963 -1
6.581482 1.867468 -1
-5.654552 -9.085886 -1
7.448945 0.542496 1
6.112616 0.681877 -1
6.827991 2.370644 -1
6.984601 0.772324 1
6.261699 0.358624 -1
-6.271157 -10.140778 -1
5.609577 0.142771 -1
7.157023 10.019030 1
5.252138 10.855694 1
5.862040 1.605294 -1
6.417631 -0.301342 -1
6.860479 0.285727 1
-5.125252 -8.908795 -1
7.596351 8.019795 1
8.016182 1.543147 -1
6.312224 0.841637 -1
-4.335917 -9.670459 -1
6.194000 8.197869 1
6.798585 10.141118 1
-6.605246 -10.025628 -1
-6.832289 -8.286535 -1
-5.632566 -8.978186 -1
-6.228530 -9.721793 -1
-4.804973 -10.510821 -1
8.076808 11.745796 1
7.474636 -0.904513 -1
7.199933 9.223368 1
-5.987102 -9.085505 -1
-4.117442 -6.876089 -1
8.437819 8.956957 1
7.507435 8.124839 1
7.554011 8.738247 1
-3.693201 -9.413506 -1
8.376410 1.288835 -1
-5.339287 -9.482508 -1
-4.436504 -8.486181 -1
8.079253 10.588202 1
6.655891 8.010926 1
5.986052 1.092704 -1
6.811700 10.884041 1
-3.601572 -9.888993 -1
8.153572 0.558246 -1
7.395239 9.144728 1
-5.417625 -11.437745 -1
-4.502390 -12.024921 -1
6.345261 8.706778 1
6.100714 9.290077 1
7.617174 0.251836 1
7.224364 0.429609 1
7.946235 8.023723 1
-4.779090 -9.673069 -1
8.688075 2.007475 -1
-6.019080 -11.721821 -1
-5.114425 -11.226097 -1
5.499532 9.043845 1
7.774228 1.769126 -1
6.183662 0.593952 -1
7.825101 8.418653 1
6.035826 0.886948 -1
6.397892 0.128942 -1
-3.141469 -9.218094 -1
6.376570 2.173988 -1
9.401730 9.554224 1
-4.938435 -9.866453 -1
8.179926 0.330588 -1
-5.475251 -9.456621 -1
-6.650287 -9.286470 -1
7.431202 -0.997612 -1
7.499852 9.552743 1
-5.707175 -9.788861 -1
-5.033617 -10.459614 -1
7.148329 8.176261 1
-5.628899 -10.092141 -1
-5.906326 -10.111998 -1
-3.330336 -11.027996 -1
8.404650 9.344696 1
8.288000 10.032990 1
8.293644 8.688942 1
7.188814 -0.127003 -1
8.203161 12.013756 1
8.248408 8.282912 1
9.674868 9.338119 1
6.617699 0.199262 -1
-4.737735 -10.182781 -1
7.389897 0.281692 1
-4.937758 -11.031316 -1
6.275556 0.197697 -1
6.687006 1.361239 -1
7.648114 1.737258 -1
8.805753 8.409937 1
-5.324652 -9.347266 -1
7.465483 1.493958 -1
-3.862788 -10.188772 -1
6.673455 1.184050 1
9.170618 10.376907 1
8.736358 8.122920 1
-2.584097 -9.604602 -1
7.074739 -0.840323 -1
6.876048 8.505383 1
6.112719 1.846419 -1
6.535528 7.706942 1
7.799247 10.595770 1
-4.224937 -9.758392 -1
6.760792 0.999606 1
6.714777 0.412818 1
7.571351 8.967154 1
7.546141 -0.428224 -1
-4.930067 -10.142011 -1
8.288271 10.717308 1
-4.433236 -8.466372 -1
-6.074783 -10.696165 -1
7.637847 0.731440 1
8.328136 9.140024 1
6.851575 -0.167537 -1
7.079786 7.814278 1
7.112535 9.433269 1
7.805949 2.710637 -1
7.150133 9.528939 1
-5.139946 -10.556927 -1
-4.968056 -8.388573 -1
7.352355 2.638623 -1
7.295866 10.817327 1
7.466232 10.638919 1
7.405820 9.538804 1
7.553033 11.857061 1
5.814825 10.582520 1
7.927189 0.905792 1
7.674618 0.375936 1
6.487392 8.838654 1
8.039351 7.927554 1
7.663201 -0.238281 -1
7.059408 0.198397 1
-2.330485 -10.333919 -1
7.932173 0.584384 -1
8.729695 2.389407 -1
-4.380699 -9.602558 -1
8.245762 8.386416 1
-5.583258 -9.420843 -1
6.657127 7.727562 1
-4.930216 -10.642037 -1
-6.810479 -10.166866 -1
-6.779408 -10.556600 -1
-4.361214 -10.406240 -1
5.932666 1.331731 -1
-5.873492 -9.003850 -1
6.857695 10.301060 1
7.511014 1.342335 1
6.553291 1.112520 1
8.226003 9.640270 1
-5.187535 -10.099956 -1
8.174433 1.124658 -1
7.844021 10.290604 1
-6.072280 -10.055796 -1
8.634433 1.338559 -1
8.231848 10.847693 1
8.700355 0.261067 -1
-3.964659 -8.460411 -1
-5.395407 -9.354522 -1
7.316636 0.639929 1
-7.199599 -10.115996 -1
7.050920 -0.105008 -1
6.983624 0.426530 1
-4.275690 -8.734055 -1
8.065051 1.138682 1
-4.974434 -11.415110 -1
8.822174 10.762321 1
-5.392781 -8.195974 -1
7.692700 0.766183 1
-4.985611 -12.434151 -1
7.032756 1.084003 1
7.698207 0.799588 1
7.270558 8.633104 1
7.601887 10.069023 1
-5.292556 -8.184650 -1
8.052923 9.918080 1
7.730046 6.862642 1
6.256329 0.947348 -1
6.446287 8.737288 1
8.119393 -0.051786 -1
-5.193799 -9.417180 -1
-6.167510 -8.780508 -1
6.534240 9.455323 1
7.666403 9.688327 1
-5.354091 -7.724455 -1
6.418959 11.451350 1
-5.522796 -10.854931 -1
7.402927 9.162177 1
6.931317 7.894248 1
7.554750 1.239066 1
7.541073 8.998106 1
7.566329 0.985470 1
7.675374 9.588136 1
-6.315034 -11.384210 -1
9.730389 -1.463710 -1
5.829174 0.413565 -1
7.697543 -0.202868 -1
6.833512 -0.044081 -1
7.903436 1.026636 1
6.046468 0.747851 -1
5.938560 0.693101 -1
-4.292271 -9.720576 -1
6.603466 7.384882 1
6.664437 2.591332 -1
-4.266001 -9.786465 -1
8.544007 2.509855 -1
-6.175685 -8.518527 -1
6.653498 8.848928 1
6.890789 10.612989 1
-5.013473 -10.424080 -1
-5.971814 -10.797837 -1
6.849689 -0.628295 -1
-6.251601 -9.255814 -1
6.137534 8.370530 1
-5.753735 -10.020067 -1
-6.561652 -8.078202 -1
8.246152 -0.026863 -1
-6.569044 -9.766868 -1
-5.199379 -9.454271 -1
6.891768 0.839672 1
7.931949 8.495615 1
6.949924 0.825730 1
6.923769 1.146215 1
7.642773 0.285489 1
-5.885609 -9.351697 -1
9.124956 9.389741 1
7.849855 9.960505 1
6.796159 1.594133 -1
-5.213558 -11.470656 -1
7.615653 -0.412628 -1
7.193058 2.014549 -1
7.261205 -1.056324 -1
-6.172460 -9.267497 -1
7.439479 8.842126 1
8.299023 2.414808 -1
6.145380 1.054560 -1
7.405659 8.829245 1
7.137601 9.843454 1
8.456234 9.741804 1
8.830532 8.755641 1
5.172096 11.780647 1
-3.979846 -10.584516 -1
-6.546337 -8.696626 -1
7.385361 0.763920 1
7.648312 0.811504 1
-6.792993 -10.694091 -1
8.004056 10.536954 1
7.184325 9.319220 1
-5.587421 -6.758719 -1
-5.041001 -10.761600 -1
7.494600 0.013531 -1
-6.750724 -9.370256 -1
7.403149 10.423425 1
-4.616351 -9.103493 -1
7.846279 9.886907 1
9.444366 1.517759 -1
7.373286 -0.234926 -1
-4.922384 -8.438352 -1
-6.692612 -9.678891 -1
6.841634 1.769410 -1
6.892289 8.606343 1
6.875863 9.697031 1
-5.623361 -8.253992 -1
-4.748848 -8.836776 -1
8.671800 10.415388 1
8.258920 -0.015722 -1
-5.966502 -9.783993 -1
-4.962363 -9.886401 -1
7.613424 8.785468 1
8.651066 0.516606 -1
9.515118 9.440965 1
-5.139763 -9.835976 -1
6.339747 0.704289 -1
8.182405 8.170000 1
7.345594 0.242430 1
7.686262 -0.042551 -1
8.185340 1.385267 -1
7.418979 8.589611 1
5.717023 0.035029 -1
-5.682702 -10.650281 -1
7.498144 9.296770 1
7.120381 0.433312 1
9.597765 0.557876 -1
6.853442 -0.148904 -1
6.889957 8.462770 1
6.108460 8.233440 1
-5.151967 -10.291156 -1
-4.249111 -12.488005 -1
7.331434 10.243416 1
6.025452 8.306239 1
5.759563 0.926053 -1
5.389978 9.048110 1
-4.028352 -10.130824 -1
8.482698 11.593414 1
7.829810 -1.118667 -1
-5.413191 -9.750689 -1
7.569314 0.854842 1
8.812804 9.508615 1
10.013676 10.520895 1
-4.821537 -10.940084 -1
7.255421 1.199912 1
6.505189 9.020536 1
5.807127 9.959685 1
6.956842 -0.649220 -1
-6.033048 -10.028296 -1
6.493336 8.848037 1
6.643764 0.892832 1
6.782661 1.422563 -1
-6.116512 -10.674849 -1
7.285744 1.373738 1
6.707273 10.797930 1
8.883611 9.015899 1
7.826674 0.319106 1
-2.830355 -9.708325 -1
7.350810 9.837640 1
-6.537743 -9.761785 -1
8.053330 10.854081 1
8.403215 0.412586 -1
7.380180 8.530768 1
-5.677016 -9.589880 -1
7.583890 1.062689 1
8.570374 10.843677 1
7.723603 8.686384 1
7.334905 9.639424 1
7.471034 0.005245 -1
6.629343 9.653573 1
-6.878664 -9.850106 -1
-6.352530 -10.456129 -1
6.737252 10.258756 1
7.114002 2.133040 -1
-5.747413 -11.252357 -1
7.295987 1.556672 -1
-5.325114 -8.868354 -1
-6.091526 -11.001374 -1
8.552772 0.252209 -1
6.158955 8.702086 1
8.894646 10.298064 1
8.677279 8.463473 1
9.923912 2.003726 -1
8.090742 9.563037 1
7.558501 9.748163 1
8.788872 0.027076 -1
6.214811 1.651732 -1
-5.661788 -10.265330 -1
5.674807 8.366012 1
-6.572739 -9.644870 -1
7.162514 9.748787 1
6.832427 0.284748 1
7.775500 0.463742 1
8.359440 0.361712 -1
8.476340 10.661469 1
-4.357750 -8.928017 -1
7.282132 0.692493 1
8.676746 0.073485 -1
8.500495 9.121478 1
6.426264 2.469657 -1
7.447588 1.123803 1
5.243109 -0.575695 -1
8.251252 -0.529317 -1
5.509591 10.149652 1
6.511923 9.813429 1
8.062160 8.713843 1
7.524113 7.759860 1
-3.257713 -10.564548 -1
6.935770 -0.811190 -1
-4.666695 -10.045811 -1
6.350222 1.220461 -1
5.689991 7.716470 1
7.136342 0.454060 1
7.784303 8.430801 1
7.679972 10.081095 1
-3.113281 -10.045577 -1
7.294340 9.794865 1
7.378008 0.842581 1
8.315067 0.503126 -1
8.034405 8.380293 1
7.870921 1.359881 -1
6.258171 9.795054 1
7.271551 0.887500 1
6.574077 0.109717 -1
7.020379 9.256440 1
-4.121929 -9.644701 -1
7.959323 10.265799 1
8.459709 10.819171 1
8.432771 -0.849768 -1
7.898314 1.103836 1
-4.196834 -8.375150 -1
-4.085600 -9.434402 -1
7.248313 8.094623 1
7.597088 10.819670 1
7.415466 9.724758 1
6.105364 1.283266 -1
-3.780697 -9.464682 -1
9.299728 10.574972 1
9.393492 0.174604 -1
-5.157056 -9.886195 -1
-5.414341 -8.953414 -1
6.723680 1.568741 -1
-4.920284 -9.732723 -1
7.906519 9.280030 1
-5.826268 -10.507345 -1
-4.391534 -8.653744 -1
7.281168 0.158480 1
7.564760 11.247628 1
-5.232204 -10.341577 -1
-5.319977 -8.836625 -1
8.061641 8.437369 1
-5.244464 -10.055024 -1
8.031275 8.377475 1
-4.958303 -10.770339 -1
7.585960 9.378869 1
7.335352 2.943328 -1
5.628039 9.775854 1
6.098899 0.535606 -1
-2.841073 -9.486724 -1
8.002369 10.169173 1
6.324775 9.312178 1
-6.374209 -9.614711 -1
-5.419877 -11.121697 -1
7.322709 2.139288 -1
-6.171628 -10.365608 -1
6.172811 -0.851689 -1
-4.974678 -9.056549 -1
-5.508050 -11.681772 -1
5.381665 -0.815023 -1
-5.268648 -10.132387 -1
7.829582 8.897791 1
7.242110 7.485069 1
7.264233 1.464274 1
7.364905 8.998596 1
8.529918 11.017383 1
-4.624647 -10.650471 -1
7.275173 -0.253081 -1
8.361838 -0.576602 -1
6.876381 -0.152419 -1
8.229433 8.763345 1
5.284358 10.169724 1
-3.666269 -8.756680 -1
8.475640 -0.606342 -1
-3.614202 -11.246436 -1
8.852027 1.342306 -1
7.423824 8.678360 1
-5.837934 -11.547704 -1
7.472546 -0.134695 -1
-5.921492 -10.300314 -1
-4.788591 -9.586880 -1
6.425969 0.634472 -1
8.728886 1.628852 -1
5.906904 2.514460 -1
9.020921 -0.452741 -1
-3.099909 -10.185555 -1
6.029379 10.319740 1
6.936274 11.677248 1
6.754450 9.745319 1
7.220952 8.065444 1
6.890344 -0.008201 -1
7.225084 10.448862 1
9.036123 9.904657 1
6.983760 0.671154 1
7.325143 9.825416 1
3.909128 8.100094 1
-4.494810 -9.491874 -1
-5.086031 -10.663257 -1
7.743376 8.583589 1
-5.626946 -9.228633 -1
5.396592 1.995924 -1
7.953114 8.368977 1
7.891916 1.437284 -1
7.407020 0.231195 1
10.279543 9.825505 1
7.608823 -0.046017 -1
-4.117276 -10.710029 -1
6.177797 2.287181 -1
6.674182 -0.768865 -1
-5.193569 -8.960342 -1
8.825534 1.014738 -1
-6.211595 -9.152605 -1
8.227999 9.813317 1
-6.088191 -8.818367 -1
-4.791033 -10.645376 -1
8.264292 2.109578 -1
-6.423574 -10.321868 -1
5.881800 0.166406 -1
-5.934884 -8.586888 -1
8.536916 -0.272207 -1
-5.609217 -9.976196 -1
8.868524 -0.946841 -1
9.174138 -1.055358 -1
8.800021 8.543235 1
-5.718125 -10.465902 -1
-6.209496 -10.034273 -1
7.400261 0.493742 1
7.977279 1.614616 -1
-5.574363 -11.181073 -1
-5.285524 -8.898282 -1
-5.226849 -9.825773 -1
7.023236 1.029201 1
8.064823 0.616729 -1
9.311660 2.322363 -1
6.938195 -0.539994 -1
5.521618 7.984464 1
9.954060 9.517723 1
6.974228 9.558969 1
-5.600810 -10.394237 -1
6.028263 9.362946 1
-6.609832 -8.434041 -1
-4.957937 -9.491199 -1
-5.476870 -9.085430 -1
7.108640 1.730797 -1
6.959417 8.593000 1
4.782467 9.350573 1
6.998131 0.965514 1
7.084129 8.926111 1
8.663614 10.042175 1
-5.939136 -8.821469 -1
7.090230 8.579198 1
-6.802717 -10.490294 -1
8.076417 0.723027 -1
7.123834 0.087758 1
5.822598 8.887272 1
9.724775 1.345077 -1
-5.314061 -10.334307 -1
8.564815 9.444921 1
-4.602210 -9.301404 -1
8.495852 0.827254 -1
5.717053 8.807722 1
-5.460080 -9.935546 -1
8.759721 9.129312 1
6.958025 9.199246 1
8.386557 8.825780 1
7.010067 -0.428245 -1
10.036978 -0.144189 -1
-5.430009 -10.378411 -1
-5.136922 -7.167392 -1
7.603870 1.934557 -1
9.560997 10.662909 1
-5.027174 -8.544793 -1
-4.522803 -10.577044 -1
6.296233 0.441656 -1
7.584237 10.701244 1
-3.536364 -9.076439 -1
7.768436 10.316969 1
-5.430813 -11.002872 -1
8.011419 9.201930 1
-6.759168 -9.229000 -1
7.652044 2.074854 -1
7.986670 1.105435 1
7.811244 10.792516 1
-6.243914 -9.133318 -1
-4.423075 -8.305906 -1
9.100888 9.148074 1
7.097004 10.144917 1
-6.033653 -11.265175 -1
7.571704 10.466173 1
7.073471 1.102597 1
8.356890 9.043981 1
6.459972 -0.063327 -1
-4.876529 -9.112499 -1
6.583420 8.426786 1
9.199313 -0.080049 -1
7.612279 9.446362 1
-5.332457 -8.973967 -1
6.023673 9.945849 1
-5.982658 -10.024314 -1
-6.825263 -9.523829 -1
-5.792276 -11.424780 -1
-5.134468 -9.967151 -1
-6.640244 -10.587570 -1
6.655129 1.363025 -1
10.444359 -0.840505 -1
6.876265 9.226009 1
-5.670168 -9.263763 -1
7.513926 10.213490 1
9.336076 0.416591 -1
6.708495 0.283096 1
7.364530 0.712378 1
7.897658 8.219547 1
8.924097 1.083778 -1
-4.327471 -10.762619 -1
-4.882736 -9.112828 -1
5.525687 10.349555 1
7.680645 -1.202253 -1
7.266973 9.870459 1
7.240424 1.579208 -1
9.492082 10.826709 1
6.372830 0.683004 -1
9.563336 9.515923 1
7.599264 0.265096 1
8.105583 0.438437 -1
6.815867 9.962568 1
7.102170 7.533532 1
6.624326 1.360936 -1
8.171123 -2.553826 -1
4.333668 10.510346 1
-2.913441 -8.102488 -1
6.257732 9.496431 1
-5.240896 -10.564826 -1
5.395958 1.046909 -1
6.285161 11.287177 1
5.648876 -0.109565 -1
7.008064 3.518043 -1
7.297255 9.993720 1
7.880986 0.883404 1
6.285687 1.410280 -1
6.204318 8.968978 1
-4.972281 -11.700109 -1
6.967679 8.962253 1
7.888267 0.549408 -1
-5.883288 -10.117070 -1
-6.593525 -9.245111 -1
-5.695911 -11.507812 -1
6.166919 2.868433 -1
8.018217 1.075140 1
-5.523165 -10.527781 -1
6.472682 1.689785 -1
-4.324132 -10.803461 -1
8.868927 0.735335 -1
7.247855 1.327259 1
-5.115336 -11.035208 -1
8.898746 -0.381728 -1
7.803584 2.381288 -1
9.193772 10.267867 1
6.793004 0.404163 1
-4.399090 -9.527008 -1
7.620516 9.371449 1
7.220098 8.114186 1
8.567868 0.854018 -1
-4.343239 -8.292512 -1
8.210991 -1.072669 -1
6.165275 9.523134 1
7.242703 2.589892 -1
-4.125746 -8.504878 -1
6.584021 9.003257 1
-3.541224 -10.974738 -1
6.093823 9.380445 1
5.974640 10.873507 1
8.080346 10.028474 1
7.568334 9.324433 1
-5.606033 -7.136334 -1
-4.562501 -9.676272 -1
8.616486 10.436749 1
7.559012 10.540870 1
8.475971 -0.309912 -1
7.602527 8.989624 1
7.361308 3.216568 -1
-3.806415 -9.535805 -1
-4.887073 -11.276355 -1
7.396346 8.901965 1
-6.248394 -10.730322 -1
8.818548 8.458093 1
7.964816 8.039146 1
5.660203 9.181150 1
-4.950981 -7.841427 -1
7.446370 11.436749 1
8.993880 2.203768 -1
-5.082767 -9.644539 -1
-6.252268 -8.412482 -1
-5.479154 -10.536956 -1
6.120559 0.968963 -1
