-0.3213745967570353 0.03963842171653242
0.15981621655117317 0.9973860914496293
-0.7923791384191009 -0.5687631215261097
0.9839166261499516 -0.047841127200347514
-0.7493871896545966 0.6334236515128643
-1.0170757052881005 -0.09471627634359402
0.987390563927156 0.2093206849095293
-0.020939153000680118 1.0537100748581418
-0.29753309628106794 0.11184633575544235
-0.29972648338393365 0.026685821523135374
-1.0102021786892912 0.013372274981461988
0.2806257352391266 0.01234577190823933
-0.7985211124170136 -0.5840994202460743
0.2646188333838277 -0.1252699851331674
-0.18791959540544464 -0.29949957644225383
-0.0537421792785975 0.28750837893046227
0.33776812952332463 0.021773589919131503
-0.13257981225949406 -0.25594842833186726
0.9483475375535185 0.3076699623865734
0.1765448889608147 0.16998686892243545
0.5158042428329455 -0.9230946414017958
-0.13571541517976937 -0.24011140843176745
1.0113790757142544 0.037585630381559314
0.24416105814987235 -0.17637312489822393
0.768561203114718 0.6665554894681696
0.20740431672601736 0.18066002218478294
0.17128097420988136 0.223623384248899
-0.09463053625136617 -0.22055516331969394
0.05973075303564525 0.31433381407946437
0.7457973375511056 0.7349824064848859
-0.1534443142083986 -0.9998696096484063
0.905023890113453 -0.3877698015773569
0.32884247011517237 0.9426111083699851
-0.5300457710582552 -0.7980907375840955
0.314044936962615 0.07664517603844094
0.4822543621041092 -0.8433877251454688
0.11196686667307332 0.18901006585058672
0.22757574738137576 0.13179983575800325
-0.5906820535389619 -0.7755497776071967
-0.9455833515735905 0.29578713884730745
-0.6114300181937928 0.7871370838616022
-0.9757637607450734 -0.18432612383005276
0.022974850694800555 0.28405633489048304
0.6274231941833629 -0.7613501458725511
-0.10603092572254785 1.023501143533512
0.8856319613440556 -0.49051998172977795
0.08770297753920553 -0.2509456461283341
-0.15173255460940366 -1.013262799478628
-0.04008850314702167 -0.27440528785417123
-0.5679809858378891 -0.8226027234096597
-0.9493587718117504 0.10739736173135189
0.20053855353870725 -0.2802088014702162
-0.9325344032622029 0.36123417057808516
-0.04256471418031031 -0.9967737549392262
0.1419604808295128 0.3062950569449914
0.5214668932349467 0.8999515932726121
-0.24527526407747832 -0.15547146086577873
0.2310662887148567 -0.20673433548635164
0.29734354104233 -0.0038307425932098127
-0.045578011597401324 0.29770378138464154
-0.15271666056751035 0.2669223143187904
-0.9707141243234216 0.021685542841348705
0.2086267973534365 0.25527881993125595
-0.22432318332150453 -0.15355456300362638
0.11636713647762839 -0.2841659524036059
-0.28595077777079053 -1.0204736806378572
-0.025543367119439823 -0.307104905380041
-0.26557540178713873 -0.055440584694065535
0.24800423038737832 0.18703524227353033
-0.27012971592978535 -0.16508887433679237
0.9660209920846705 -0.30336952247208987
-0.918803983705729 -0.5080606038340673
0.823766885943676 -0.6042720003284097
-0.17609561452220573 -0.24348063488869962
-0.10227066754711261 1.0288845205753938
-0.014051765696905649 -0.9715845553180583
-0.750419445567935 0.7082102902722835
0.6534633719378405 0.7574723052864978
0.23786543600826882 -0.16994782175606513
0.10631302415488583 0.28349225779126447
0.06339192847564618 -0.2959480407748054
-0.2342636594035907 -0.9533310169387279
-0.12781572580430875 0.2973081590058726
-0.3045505316931286 -0.022651120785568336
-0.24462522040272813 -0.15111774678568735
-0.20507943982733093 0.21753693843455302
0.13325845508242046 0.9779658931434325
0.09203099233173026 0.9730323667205043
-0.3927546973297723 0.9500421793178839
0.2077658807274158 -0.9721624663978787
0.027216035251315673 -0.3030990344105914
0.05742360760187644 0.29253826279858103
0.9901090117891329 0.08238420296996679
0.6098399168518087 0.8344671035939205
-0.18850808590740067 0.9512978544488964
-0.8837967668499918 0.4320779731508377
0.30565419734955973 0.10310956675265111
-0.32700820213180015 -0.031248238384951686
-0.24876230387144047 0.11436063801587286
-0.21492716736480058 -0.22481844061568193
0.8870492292479675 -0.4611757053588591
-0.2385602853720854 -0.24879646937293157
-0.6581017843146147 0.7459122262433653
0.1549631748213799 0.232573734522872
0.5041832411682462 0.8771298911276727
0.9838564542229477 0.05989421080403681
-0.28107673754399887 0.08003491248576103
0.16791223584286008 0.31306167942047175
-0.882686769868428 0.5124399300345928
-0.2903155952612614 -0.0472898787408472
-1.0318770559302433 -0.0803128350332025
0.3236248293101155 0.11202280138720043
0.27317836634837545 0.1589555374344114
-0.1564770385141887 0.3014434397336316
-0.9890587368263934 0.15444149360000115
-0.17066822711398347 1.013159019952917
-0.4414301868015211 0.9581681632871628
-0.7638057256053732 0.6665443377315489
0.6120173684620697 -0.8102997520049893
-0.2885927465392163 0.16047937753360356
0.8308665063306059 0.5255921890784374
0.2210137399477984 0.9410136686188743
0.13718543404082936 -0.2515700974543342
0.9186989820838736 -0.25599399547703483
0.8141641522361655 -0.599495473841902
0.8385610792309944 0.5533984399974837
0.9389001625296953 0.2469502521904948
0.13523681831587128 0.2651990442570194
0.8551156244400796 -0.3834904473699587
-0.7467001224845526 -0.6508669325734965
0.26108917527627956 -0.17284039014276578
0.9862717147198591 -0.17090054313466185
-0.1654043497180473 0.31646793104336174
-0.09530092152552552 -0.285583262569302
-0.5695923179135235 0.8834863270980382
-0.29017120465684154 0.11624259372208882
-0.039458887813407895 0.32174194211305557
-0.11415351823562624 0.22566849578964138
-0.7135318642008854 -0.7082766711122871
-0.8019179530404447 -0.7329444441726016
0.04761873502096185 -0.2532324896250914
0.24675221332408595 -0.18272270189455414
0.057308609299426556 -0.3007095350372682
-0.11339431130933565 -0.261510318256649
-0.3149258270604161 -0.11138781917497272
-0.10081799664186433 0.9808355991691339
-0.23867273208060052 0.10273042606024557
0.9112205961887607 0.4273592470181543
-0.5291700005982388 0.8593998720675351
0.1572378596106817 -0.21416730945391058
-0.9239764518893279 -0.4113711364038983
0.2646855177113213 0.0401021105274659
-0.1191198637689406 -0.23184150614374277
1.0194577657831658 -0.25814330088007553
-0.12460574186067369 -0.23422584468276178
0.16071963803512712 0.28108816298061523
-0.019794216209015857 -0.29258632068632723
-0.41536897606852735 0.9246468473915069
0.8681941608369387 0.5628090609814237
-0.09264050366046782 0.9362939409449075
-0.9380670312760406 0.21683710657717875
0.766743127012977 -0.6347680858349695
0.07267688330030861 0.314669810229957
-0.27375290042540773 -0.10539684268647544
0.18567502671574887 -1.002380997790743
-0.4088092738134377 -0.9464957403325749
-0.08125992779702676 -0.2748258034577517
-0.17510462514264213 0.2654547882726987
0.30518941210558825 -0.03101406797834249
0.07117053624764108 -0.30395293030575593
0.23503179960633588 -0.9700867244136725
0.008274213470960941 -0.28298587734696623
-0.28903231479611496 -0.10545609517406632
0.15755008529594952 -0.28254866708152987
0.01386153207722144 0.32795716157135757
0.8953882264054018 -0.45645416367478747
0.6060163988784129 -0.8601933432647834
-0.8574316583050116 0.5017583389839861
-0.20154064825362042 -0.2144749032962615
-0.24595823455831223 -1.0340533654000301
0.3470935219957158 0.042394743638851956
-0.9422961680550062 -0.28626150898893626
0.26867886779031797 0.1139986778203122
-0.66762408122438 -0.7266913125210505
0.2854875606152363 0.024770780572884267
-0.20504345840841762 0.2127903154875136
-0.20124097370361152 0.9940251917401057
0.5369021108531299 0.872276866329514
-0.16194248136214656 -0.9982016964029208
0.9842920784440538 -0.1207660605609719
0.34409190735165784 -1.002387725276914
-0.2582920612043759 -0.0026011176922208345
0.22587726744454878 -0.10308159030455222
0.06928853113281515 0.2890537654696881
0.18949665513217787 -0.16233205839626294
0.7204587590259005 -0.6865279995171127
-0.2566590030334478 0.021943807342363505
-0.11801935465517423 0.9900389324459876
-0.4906931169321992 0.8670447097259478
-0.2122065500211138 -0.18714853954704996
0.6581511268024925 0.716092289743863
1.0113840284696733 0.03781521702205693
-0.49730831528377545 -0.8801720802956071
0.9698595930846005 0.30588273075148426
0.18066563625690288 -0.9764237568717543
0.005124628077541549 0.34448445862805377
-0.1838538645340714 0.9785452415257447
0.18140134414647782 0.27682793610027845
0.2779681464858362 -0.08455999047245369
0.1235765097354852 -0.26602509473203545
0.18518143710806526 -0.10209825333571017
-0.24109702402557684 0.22569594340383817
0.036366294991595355 -0.3036506263425541
0.28550982217349613 0.040074073914110504
-0.255886668239605 -0.20803575302343258
-0.05792176710431279 -0.2709834892380481
-0.18334362896991876 0.12457269628256556
-0.14821107796928196 0.29141019687565606
-0.6869540891310504 0.7939868081780163
-0.24839719511890399 0.2319990450800392
-0.890606363778442 0.34068557090641893
-0.27067051000784936 -0.2242152647438828
-0.29760856164686095 -0.10174672330039915
-0.9381366993970774 -0.3341947814942985
-0.30226219942416294 -0.004102205564436551
0.02311525043041994 -0.28552962002979576
0.07500778730947118 0.32449602689588164
0.171935051708766 -1.0071612224025268
0.2438622855706324 0.15648058951354912
-0.9418043513184982 -0.28921291372267954
-0.17882730502259933 0.2527511246589896
-0.542076110049307 -0.8016178237422645
-0.8459531995865983 0.5569575268935705
-0.24384079360475508 -0.24356346445518395
0.23726932583633142 1.0038820296238353
-0.1229007046824125 -0.3210416071721956
-0.5848444220051114 0.8167418320389477
-0.10656629171169735 -0.17467411355161105
0.03044585642706051 -0.9925817126735702
0.8669165104818115 -0.4698615338867187
0.6926431419461812 0.7282524940441057
0.07404410392822743 -0.3091851739262723
0.46213386502779125 0.9038136937760199
0.6244862300522399 0.810978906353704
0.7397089821971046 -0.6467897526646298
0.3614471540239297 -0.929511346170804
-0.7041420523943405 0.673748904719189
-0.22784502946152044 0.22376309428164162
-0.04616205795357751 -0.9834899732040747
-0.24610224461951433 0.18033382695703795
-0.9397619646258291 -0.17148373779392503
0.9736653035638999 0.005442261713414984
-0.6241029977621276 -0.7039273836333211
-0.2749973923131621 -0.07174230551322072
-0.6376371935687231 0.6494745318455555
-0.05260862737896929 0.3059875218663208
0.27850970613021525 -0.13302251751818364
-0.9826107999589817 0.2371132047394362
0.9854195848384818 -0.21800709078726854
0.14763920408804784 0.20048252674668104
0.9873168068747908 -0.24563575827803133
0.34368585196992635 -0.9603878403445953
0.702059422127057 -0.7571682746171826
0.22809218502294445 0.17392549269501606
0.02250990589578958 -0.3001421413617396
0.9801188016194311 -0.3302047243012073
-0.001632613255776778 1.0265009691057116
0.7610767732680929 0.600347518938427
-0.36786710453879984 0.9838286258798544
-0.9325229983626229 -0.3416145705394186
0.13620895736188446 -0.24306240354232805
-0.29042789970587085 0.2136336057769056
-0.2037591186704975 -0.21630441548737564
0.08944766654765555 0.24189541229448996
0.29827092289011436 -0.08893407568029757
0.7858563138141487 0.5686916309103537
-0.43155378918023707 -0.902746123072155
0.31333487895651274 0.10469410933735322
-0.17646564716904606 0.27554894753451487
0.49627471482881724 0.877429314816757
-0.8196926501738411 0.4948504925760589
0.6137798326497148 -0.8180072789738927
0.19473610444210568 -0.23474170775626682
-0.1206416484567546 0.2516163815711799
-0.9336722785497387 -0.44532166345073176
-0.0271167223930118 0.3224427590871484
-0.07147667643533616 -0.2759822221846154
-0.4925859901597644 0.8998151466916988
-0.27908151471874726 0.007378756519568229
-0.9675671348199324 0.27064950670800714
0.25944471853773543 -0.256012127639606
0.23762928369284483 -0.2301589743596227
0.25516364057325086 0.07322325426212861
0.32870463037643766 0.11176560051654086
-0.8791145040472892 -0.5870323594899547
-1.062174162408288 -0.11199435132810362
0.07257899419182878 -0.2659974127820017
-0.8870744692957341 -0.511617218719819
-0.500993143471568 -0.8784379944867364
0.207711753380987 0.20615441821517497
0.6416402050964216 -0.7387840966626666
-0.2755508244870901 0.1287954232012302
0.15577288170671144 0.921423027633101
-0.08244743201676369 0.2777072403687868
0.2236341911862287 -0.9607639600558889
0.24377625341866832 -0.07843918241242422
-0.295119171071089 0.908051069796012
0.5866264445594712 0.8322596554345975
-0.2789790998647128 -0.09696024443864709
0.5238793541353196 -0.8606207929773126
0.2670912513343602 -0.17901905794057818
-0.26185524052207143 -0.17733864640119204
-0.2629327896522148 -0.03433833674778437
0.24610834005411203 -0.22664600672581267
0.2120873803417133 0.19888684748753577
0.215138094733997 0.18179468408779148
-0.2418458198824237 -0.9452045493584506
-0.201950587294536 -0.23967773527735892
-0.25639448266319403 -0.07974694178573014
0.1408566361456545 -0.23810019313882572
-0.7756176415660979 0.6018760026149444
-0.2874971115308946 0.12901904815020016
-0.3579864487969494 -0.9470381112386643
-0.08306431954458367 -0.2820641953288275
-0.9617481063807687 0.18529053820126287
0.8784233592123513 -0.44058848675099777
-1.0193291923741667 0.11945988419044479
0.6127939537613256 -0.7942479042580505
0.12721306522436807 0.29643457348256286
0.9344350084688637 -0.130221456065935
-0.07692303994047715 0.20111806094483775
0.36049236498309384 -0.06078322073652473
0.028397351186472197 0.3389953017251332
-0.07465564737334804 0.26458551649168943
0.3167226884368708 -0.055743061437859356
0.13339195751714575 0.23881316758021973
-0.9913789534433657 0.06323604454821237
-0.19094615457498199 -0.17995143398723895
0.965380374922465 0.22201997069278223
-0.04982816131469437 0.29925858714273085
0.20713278047899208 0.9984554486650317
0.29611344542359513 -0.14275559671694144
-0.2875861242100476 0.05342451637632283
-0.9499799027629038 -0.3686046233171075
-0.07791295894285981 -0.3255162494855865
0.7348720259730943 0.7105832952951348
-0.9917900595481338 -0.1550056826878723
0.08545510013903573 0.9903724927570104
0.40796663625420615 -0.9055062281022416
0.9280999178264892 0.2847157576906994
-0.2564208866762192 0.06415119804829049
0.045471420595494125 -0.24883586891318407
0.1925269818476869 0.24469903045894362
-0.2222350139618906 0.1525991896981031
0.21992021041266208 0.1690982106298761
-0.13059265067098566 -1.0172114601685172
0.02935907739321559 -0.9881884852044908
0.344108355485216 -0.0187670698407974
0.083277149810002 -1.0326584499849607
0.9234045750813079 -0.33090835401616375
0.20797328086655884 0.19370269466604156
-0.7407805814386683 -0.712541469364764
0.3290085228163207 0.9583200210244048
-0.21937837830619508 0.2272094804904348
0.41133899483215514 -0.9096214539667942
-0.8507627533192317 -0.5862223834883683
0.14329414230882345 0.26794515101911004
0.27881307067997246 0.1181697720999937
0.31046919162969094 -0.06103735568843046
-0.14348079770344432 -0.19846610868318426
0.10748573117145757 -0.9641380515287742
-0.6045510350641732 -0.8091754883411676
-0.26061982719577886 0.9687115553886715
-0.9268483905604267 -0.4344048876974029
-0.46122194100455594 -0.9004819056493264
-0.8212889483847905 0.6111838408523399
0.05533636633543402 -0.28323231722307657
0.9015086489799109 0.36342718754595543
0.47354430410577875 0.8826557839366214
-0.3537277838080522 -0.0296468556804936
-0.29645454219093736 0.08306492859411573
0.2768130682846846 -0.0357588268046421
0.12150167579657763 0.9566111639604059
-0.25120005410121854 -0.10178226743720566
-0.46392885189374566 -0.8533838040186043
0.7595138092720038 -0.6672635647533641
-0.332561452395439 -0.9506980337918456
0.2481351485631445 0.09811438465503479
-0.29985557237108884 0.9062008041074183
-0.8719049514174441 -0.5392565310667933
0.2851169367106688 -0.1317400281247977
0.2887552917732981 -0.016164754073577207
0.3288471999142213 0.04411746309965995
1.0285139787826585 0.15766337915622183
-0.7826881934063735 -0.6218152789391734
0.8271915876941619 -0.6103022461547163
0.6492992827641775 -0.8277804489898271
-0.814205490007279 0.5874450553647261
1.0110978468741023 -0.07839948669270663
0.21608526900893224 0.1774923952735205
-0.8690697232228688 0.46685519151980004
-0.08176043023927683 -0.9998940109490274
1.0033043565972375 -0.1667770352514924
1.0582886012633772 0.030154800594594817
-0.9653743221081926 0.16544832099562273
0.4271295014219184 -0.9072664414138844
-0.9673311607965474 0.31739797383723556
0.9393182397989374 0.4217778481661807
-0.21883893668897103 -0.20495265962051792
0.11038675525317451 0.2542401549260307
0.12382707493663278 -0.22174381105845176
0.8769178858855138 0.44688619620248865
0.817991382333394 -0.4373207275840841
0.23397288852001136 -0.18169626337991507
-0.31897680651158516 -0.05317720671093711
0.9359378740501082 0.192711911623774
-0.1589823696315469 0.27490513606560363
-0.6295871967981733 -0.7377106659829518
-0.262312828359894 0.13496227165838176
-0.9912424498134957 -0.2294797076386687
0.13574611285002325 -0.20913821411226438
0.3933377691420035 0.9118772995437553
-1.0100723807806102 0.047477921058778905
0.03163974131934139 0.2697165733078487
0.5655848505773997 0.8246886704195013
0.18561393557064912 -0.19718604649283733
0.12746930973750104 0.26825326389274673
-0.6515029124217002 0.738789857380072
0.21136097271155693 -0.25117843448109917
0.660925291043932 -0.7884371396723584
-0.265431461241833 -0.021821169155124713
-0.9763050767589213 0.05523299328711336
0.6458131064154837 0.7888112166169142
0.24574971531362433 -0.9910166008924541
-0.15071652932904603 -0.28499652376992846
1.0450170453767824 0.05217819294921145
-0.046594829261144256 -0.2763976665392645
-0.265579168471386 -0.12317819150438371
-0.09633113822927197 0.2759321143830191
-0.28626134420278104 -0.14603191306570276
0.35809017066927223 0.8885768368452011
0.7694387711194463 -0.6642745915948527
0.7406164042112665 0.6866588710137208
0.3525839387836198 -0.9561410534643674
0.8703554734056225 0.48848685035032996
-0.33677179565389853 -0.9091194305222099
0.8691785272106625 0.466009714683895
0.7226280778566342 0.6496844040312912
-0.5820908502400504 0.8378349427968493
-0.008346307761225401 1.0221082304753257
-0.18079278008159297 0.1875627490416917
0.25322610358807895 0.12275921358991937
-0.2992096094709771 0.0994198844451979
-0.41274817017217125 0.850384622131429
-0.2622953204434289 -0.0735669291339874
0.8613981306626127 -0.5140967453294463
0.9620902625433415 0.2462908831874888
-0.22396376216980735 0.0967469452099342
-0.10426725218302349 0.29391474784976923
-0.1871692418263548 -0.2445913799741743
0.2785334257637632 -0.037602646548751784
-0.4531705036424481 -0.8637922221215697
0.27938963604807804 -0.0609526733749897
-0.10728329474182009 0.26824431600939036
0.058555642513176104 0.3321515754241553
-0.0005022533818596097 -0.31611112629496874
0.056220824606806434 -0.2853469238223111
0.310257850050327 0.9443410703338502
0.2871491376653462 0.13318068727474697
0.035544910630020854 -0.29011500256149986
0.22591531028883907 -0.1764177206530386
-0.8363424691565811 0.5141127719906549
0.2920249114679084 0.18234413934731405
0.8979037364604917 0.4131558351482418
-0.048271411887181995 0.3129224426122833
-0.26604913342392145 0.16816981104564527
-0.22171084893713772 0.16170702199999823
-0.933701571150563 -0.42719384347914013
0.015439682190589311 1.037685471443547
-0.28632785728654875 -0.162364129201963
0.2790826854118929 0.17100991001265112
-0.9541559824979121 0.4327386130374032
-0.7352274131829878 -0.6995007518779541
0.17299108704939575 -0.23740477758142067
-0.9233734509322706 0.3050548345817131
-0.012853538190383856 -0.2869166192313207
-0.04175611481326666 0.2641017977223633
-0.5403801798528841 0.835135402056487
-0.27701873924481396 0.09942024059257504
0.36747296463749607 0.9352548266745084
0.12037099705364246 -0.9637524376446577
-0.2806551384979227 0.16488633509587022
-0.22105346769754808 0.2348060770046907
-0.9725485417452266 -0.2786831152883077
0.18503255691406073 -0.19009324588064794
-0.977878531160787 -0.21536815418048025
-0.26671584055524383 0.15331938171259035
0.3086823225201958 -0.04126173466046952
-0.185638315820061 0.2528817829457591
0.08751700368221789 -0.28117237818004337