-0.321375 0.039638 1
0.159816 0.997386 -1
-0.792379 -0.568763 -1
0.983917 -0.047841 -1
-0.749387 0.633424 -1
-1.017076 -0.094716 -1
0.987391 0.209321 -1
-0.020939 1.053710 -1
-0.297533 0.111846 1
-0.299726 0.026686 1
-1.010202 0.013372 -1
0.280626 0.012346 1
-0.798521 -0.584099 -1
0.264619 -0.125270 1
-0.187920 -0.299500 1
-0.053742 0.287508 1
0.337768 0.021774 1
-0.132580 -0.255948 1
0.948348 0.307670 -1
0.176545 0.169987 1
0.515804 -0.923095 -1
-0.135715 -0.240111 1
1.011379 0.037586 -1
0.244161 -0.176373 1
0.768561 0.666555 -1
0.207404 0.180660 1
0.171281 0.223623 1
-0.094631 -0.220555 1
0.059731 0.314334 1
0.745797 0.734982 -1
-0.153444 -0.999870 -1
0.905024 -0.387770 -1
0.328842 0.942611 -1
-0.530046 -0.798091 -1
0.314045 0.076645 1
0.482254 -0.843388 -1
0.111967 0.189010 1
0.227576 0.131800 1
-0.590682 -0.775550 -1
-0.945583 0.295787 -1
-0.611430 0.787137 -1
-0.975764 -0.184326 -1
0.022975 0.284056 1
0.627423 -0.761350 -1
-0.106031 1.023501 -1
0.885632 -0.490520 -1
0.087703 -0.250946 1
-0.151733 -1.013263 -1
-0.040089 -0.274405 1
-0.567981 -0.822603 -1
-0.949359 0.107397 -1
0.200539 -0.280209 1
-0.932534 0.361234 -1
-0.042565 -0.996774 -1
0.141960 0.306295 1
0.521467 0.899952 -1
-0.245275 -0.155471 1
0.231066 -0.206734 1
0.297344 -0.003831 1
-0.045578 0.297704 1
-0.152717 0.266922 1
-0.970714 0.021686 -1
0.208627 0.255279 1
-0.224323 -0.153555 1
0.116367 -0.284166 1
-0.285951 -1.020474 -1
-0.025543 -0.307105 1
-0.265575 -0.055441 1
0.248004 0.187035 1
-0.270130 -0.165089 1
0.966021 -0.303370 -1
-0.918804 -0.508061 -1
0.823767 -0.604272 -1
-0.176096 -0.243481 1
-0.102271 1.028885 -1
-0.014052 -0.971585 -1
-0.750419 0.708210 -1
0.653463 0.757472 -1
0.237865 -0.169948 1
0.106313 0.283492 1
0.063392 -0.295948 1
-0.234264 -0.953331 -1
-0.127816 0.297308 1
-0.304551 -0.022651 1
-0.244625 -0.151118 1
-0.205079 0.217537 1
0.133258 0.977966 -1
0.092031 0.973032 -1
-0.392755 0.950042 -1
0.207766 -0.972162 -1
0.027216 -0.303099 1
0.057424 0.292538 1
0.990109 0.082384 -1
0.609840 0.834467 -1
-0.188508 0.951298 -1
-0.883797 0.432078 -1
0.305654 0.103110 1
-0.327008 -0.031248 1
-0.248762 0.114361 1
-0.214927 -0.224818 1
0.887049 -0.461176 -1
-0.238560 -0.248796 1
-0.658102 0.745912 -1
0.154963 0.232574 1
0.504183 0.877130 -1
0.983856 0.059894 -1
-0.281077 0.080035 1
0.167912 0.313062 1
-0.882687 0.512440 -1
-0.290316 -0.047290 1
-1.031877 -0.080313 -1
0.323625 0.112023 1
0.273178 0.158956 1
-0.156477 0.301443 1
-0.989059 0.154441 -1
-0.170668 1.013159 -1
-0.441430 0.958168 -1
-0.763806 0.666544 -1
0.612017 -0.810300 -1
-0.288593 0.160479 1
0.830867 0.525592 -1
0.221014 0.941014 -1
0.137185 -0.251570 1
0.918699 -0.255994 -1
0.814164 -0.599495 -1
0.838561 0.553398 -1
0.938900 0.246950 -1
0.135237 0.265199 1
0.855116 -0.383490 -1
-0.746700 -0.650867 -1
0.261089 -0.172840 1
0.986272 -0.170901 -1
-0.165404 0.316468 1
-0.095301 -0.285583 1
-0.569592 0.883486 -1
-0.290171 0.116243 1
-0.039459 0.321742 1
-0.114154 0.225668 1
-0.713532 -0.708277 -1
-0.801918 -0.732944 -1
0.047619 -0.253232 1
0.246752 -0.182723 1
0.057309 -0.300710 1
-0.113394 -0.261510 1
-0.314926 -0.111388 1
-0.100818 0.980836 -1
-0.238673 0.102730 1
0.911221 0.427359 -1
-0.529170 0.859400 -1
0.157238 -0.214167 1
-0.923976 -0.411371 -1
0.264686 0.040102 1
-0.119120 -0.231842 1
1.019458 -0.258143 -1
-0.124606 -0.234226 1
0.160720 0.281088 1
-0.019794 -0.292586 1
-0.415369 0.924647 -1
0.868194 0.562809 -1
-0.092641 0.936294 -1
-0.938067 0.216837 -1
0.766743 -0.634768 -1
0.072677 0.314670 1
-0.273753 -0.105397 1
0.185675 -1.002381 -1
-0.408809 -0.946496 -1
-0.081260 -0.274826 1
-0.175105 0.265455 1
0.305189 -0.031014 1
0.071171 -0.303953 1
0.235032 -0.970087 -1
0.008274 -0.282986 1
-0.289032 -0.105456 1
0.157550 -0.282549 1
0.013862 0.327957 1
0.895388 -0.456454 -1
0.606016 -0.860193 -1
-0.857432 0.501758 -1
-0.201541 -0.214475 1
-0.245958 -1.034053 -1
0.347094 0.042395 1
-0.942296 -0.286261 -1
0.268679 0.113999 1
-0.667624 -0.726691 -1
0.285488 0.024771 1
-0.205043 0.212790 1
-0.201241 0.994025 -1
0.536902 0.872277 -1
-0.161942 -0.998202 -1
0.984292 -0.120766 -1
0.344092 -1.002388 -1
-0.258292 -0.002601 1
0.225877 -0.103082 1
0.069289 0.289054 1
0.189497 -0.162332 1
0.720459 -0.686528 -1
-0.256659 0.021944 1
-0.118019 0.990039 -1
-0.490693 0.867045 -1
-0.212207 -0.187149 1
0.658151 0.716092 -1
1.011384 0.037815 -1
-0.497308 -0.880172 -1
0.969860 0.305883 -1
0.180666 -0.976424 -1
0.005125 0.344484 1
-0.183854 0.978545 -1
0.181401 0.276828 1
0.277968 -0.084560 1
0.123577 -0.266025 1
0.185181 -0.102098 1
-0.241097 0.225696 1
0.036366 -0.303651 1
0.285510 0.040074 1
-0.255887 -0.208036 1
-0.057922 -0.270983 1
-0.183344 0.124573 1
-0.148211 0.291410 1
-0.686954 0.793987 -1
-0.248397 0.231999 1
-0.890606 0.340686 -1
-0.270671 -0.224215 1
-0.297609 -0.101747 1
-0.938137 -0.334195 -1
-0.302262 -0.004102 1
0.023115 -0.285530 1
0.075008 0.324496 1
0.171935 -1.007161 -1
0.243862 0.156481 1
-0.941804 -0.289213 -1
-0.178827 0.252751 1
-0.542076 -0.801618 -1
-0.845953 0.556958 -1
-0.243841 -0.243563 1
0.237269 1.003882 -1
-0.122901 -0.321042 1
-0.584844 0.816742 -1
-0.106566 -0.174674 1
0.030446 -0.992582 -1
0.866917 -0.469862 -1
0.692643 0.728252 -1
0.074044 -0.309185 1
0.462134 0.903814 -1
0.624486 0.810979 -1
0.739709 -0.646790 -1
0.361447 -0.929511 -1
-0.704142 0.673749 -1
-0.227845 0.223763 1
-0.046162 -0.983490 -1
-0.246102 0.180334 1
-0.939762 -0.171484 -1
0.973665 0.005442 -1
-0.624103 -0.703927 -1
-0.274997 -0.071742 1
-0.637637 0.649475 -1
-0.052609 0.305988 1
0.278510 -0.133023 1
-0.982611 0.237113 -1
0.985420 -0.218007 -1
0.147639 0.200483 1
0.987317 -0.245636 -1
0.343686 -0.960388 -1
0.702059 -0.757168 -1
0.228092 0.173925 1
0.022510 -0.300142 1
0.980119 -0.330205 -1
-0.001633 1.026501 -1
0.761077 0.600348 -1
-0.367867 0.983829 -1
-0.932523 -0.341615 -1
0.136209 -0.243062 1
-0.290428 0.213634 1
-0.203759 -0.216304 1
0.089448 0.241895 1
0.298271 -0.088934 1
0.785856 0.568692 -1
-0.431554 -0.902746 -1
0.313335 0.104694 1
-0.176466 0.275549 1
0.496275 0.877429 -1
-0.819693 0.494850 -1
0.613780 -0.818007 -1
0.194736 -0.234742 1
-0.120642 0.251616 1
-0.933672 -0.445322 -1
-0.027117 0.322443 1
-0.071477 -0.275982 1
-0.492586 0.899815 -1
-0.279082 0.007379 1
-0.967567 0.270649 -1
0.259445 -0.256012 1
0.237629 -0.230159 1
0.255164 0.073223 1
0.328705 0.111766 1
-0.879115 -0.587032 -1
-1.062174 -0.111994 -1
0.072579 -0.265997 1
-0.887074 -0.511617 -1
-0.500993 -0.878438 -1
0.207712 0.206154 1
0.641640 -0.738784 -1
-0.275551 0.128795 1
0.155773 0.921423 -1
-0.082447 0.277707 1
0.223634 -0.960764 -1
0.243776 -0.078439 1
-0.295119 0.908051 -1
0.586626 0.832260 -1
-0.278979 -0.096960 1
0.523879 -0.860621 -1
0.267091 -0.179019 1
-0.261855 -0.177339 1
-0.262933 -0.034338 1
0.246108 -0.226646 1
0.212087 0.198887 1
0.215138 0.181795 1
-0.241846 -0.945205 -1
-0.201951 -0.239678 1
-0.256394 -0.079747 1
0.140857 -0.238100 1
-0.775618 0.601876 -1
-0.287497 0.129019 1
-0.357986 -0.947038 -1
-0.083064 -0.282064 1
-0.961748 0.185291 -1
0.878423 -0.440588 -1
-1.019329 0.119460 -1
0.612794 -0.794248 -1
0.127213 0.296435 1
0.934435 -0.130221 -1
-0.076923 0.201118 1
0.360492 -0.060783 1
0.028397 0.338995 1
-0.074656 0.264586 1
0.316723 -0.055743 1
0.133392 0.238813 1
-0.991379 0.063236 -1
-0.190946 -0.179951 1
0.965380 0.222020 -1
-0.049828 0.299259 1
0.207133 0.998455 -1
0.296113 -0.142756 1
-0.287586 0.053425 1
-0.949980 -0.368605 -1
-0.077913 -0.325516 1
0.734872 0.710583 -1
-0.991790 -0.155006 -1
0.085455 0.990372 -1
0.407967 -0.905506 -1
0.928100 0.284716 -1
-0.256421 0.064151 1
0.045471 -0.248836 1
0.192527 0.244699 1
-0.222235 0.152599 1
0.219920 0.169098 1
-0.130593 -1.017211 -1
0.029359 -0.988189 -1
0.344108 -0.018767 1
0.083277 -1.032658 -1
0.923405 -0.330908 -1
0.207973 0.193703 1
-0.740781 -0.712541 -1
0.329009 0.958320 -1
-0.219378 0.227209 1
0.411339 -0.909621 -1
-0.850763 -0.586222 -1
0.143294 0.267945 1
0.278813 0.118170 1
0.310469 -0.061037 1
-0.143481 -0.198466 1
0.107486 -0.964138 -1
-0.604551 -0.809175 -1
-0.260620 0.968712 -1
-0.926848 -0.434405 -1
-0.461222 -0.900482 -1
-0.821289 0.611184 -1
0.055336 -0.283232 1
0.901509 0.363427 -1
0.473544 0.882656 -1
-0.353728 -0.029647 1
-0.296455 0.083065 1
0.276813 -0.035759 1
0.121502 0.956611 -1
-0.251200 -0.101782 1
-0.463929 -0.853384 -1
0.759514 -0.667264 -1
-0.332561 -0.950698 -1
0.248135 0.098114 1
-0.299856 0.906201 -1
-0.871905 -0.539257 -1
0.285117 -0.131740 1
0.288755 -0.016165 1
0.328847 0.044117 1
1.028514 0.157663 -1
-0.782688 -0.621815 -1
0.827192 -0.610302 -1
0.649299 -0.827780 -1
-0.814205 0.587445 -1
1.011098 -0.078399 -1
0.216085 0.177492 1
-0.869070 0.466855 -1
-0.081760 -0.999894 -1
1.003304 -0.166777 -1
1.058289 0.030155 -1
-0.965374 0.165448 -1
0.427130 -0.907266 -1
-0.967331 0.317398 -1
0.939318 0.421778 -1
-0.218839 -0.204953 1
0.110387 0.254240 1
0.123827 -0.221744 1
0.876918 0.446886 -1
0.817991 -0.437321 -1
0.233973 -0.181696 1
-0.318977 -0.053177 1
0.935938 0.192712 -1
-0.158982 0.274905 1
-0.629587 -0.737711 -1
-0.262313 0.134962 1
-0.991242 -0.229480 -1
0.135746 -0.209138 1
0.393338 0.911877 -1
-1.010072 0.047478 -1
0.031640 0.269717 1
0.565585 0.824689 -1
0.185614 -0.197186 1
0.127469 0.268253 1
-0.651503 0.738790 -1
0.211361 -0.251178 1
0.660925 -0.788437 -1
-0.265431 -0.021821 1
-0.976305 0.055233 -1
0.645813 0.788811 -1
0.245750 -0.991017 -1
-0.150717 -0.284997 1
1.045017 0.052178 -1
-0.046595 -0.276398 1
-0.265579 -0.123178 1
-0.096331 0.275932 1
-0.286261 -0.146032 1
0.358090 0.888577 -1
0.769439 -0.664275 -1
0.740616 0.686659 -1
0.352584 -0.956141 -1
0.870355 0.488487 -1
-0.336772 -0.909119 -1
0.869179 0.466010 -1
0.722628 0.649684 -1
-0.582091 0.837835 -1
-0.008346 1.022108 -1
-0.180793 0.187563 1
0.253226 0.122759 1
-0.299210 0.099420 1
-0.412748 0.850385 -1
-0.262295 -0.073567 1
0.861398 -0.514097 -1
0.962090 0.246291 -1
-0.223964 0.096747 1
-0.104267 0.293915 1
-0.187169 -0.244591 1
0.278533 -0.037603 1
-0.453171 -0.863792 -1
0.279390 -0.060953 1
-0.107283 0.268244 1
0.058556 0.332152 1
-0.000502 -0.316111 1
0.056221 -0.285347 1
0.310258 0.944341 -1
0.287149 0.133181 1
0.035545 -0.290115 1
0.225915 -0.176418 1
-0.836342 0.514113 -1
0.292025 0.182344 1
0.897904 0.413156 -1
-0.048271 0.312922 1
-0.266049 0.168170 1
-0.221711 0.161707 1
-0.933702 -0.427194 -1
0.015440 1.037686 -1
-0.286328 -0.162364 1
0.279083 0.171010 1
-0.954156 0.432739 -1
-0.735227 -0.699501 -1
0.172991 -0.237405 1
-0.923373 0.305055 -1
-0.012854 -0.286917 1
-0.041756 0.264102 1
-0.540380 0.835135 -1
-0.277019 0.099420 1
0.367473 0.935255 -1
0.120371 -0.963752 -1
-0.280655 0.164886 1
-0.221053 0.234806 1
-0.972549 -0.278683 -1
0.185033 -0.190093 1
-0.977879 -0.215368 -1
-0.266716 0.153319 1
0.308682 -0.041262 1
-0.185638 0.252882 1
0.087517 -0.281172 1
