0.919515 -0.496350 1
0.757790 0.659908 -1
-0.273060 0.951110 -1
-1.012924 0.052717 -1
0.353099 0.926777 -1
-0.078870 1.004034 -1
1.002446 0.110374 -1
0.708074 0.776966 -1
0.858986 -0.461277 1
0.980971 -0.488208 1
-0.016511 1.013352 -1
-0.013106 0.391649 1
-0.332682 0.968456 -1
1.973131 0.281826 1
1.474983 -0.387946 1
0.233154 -0.217341 1
0.037768 0.521774 1
1.512473 -0.385135 1
0.982044 0.161453 -1
0.009566 0.129901 1
-0.817754 0.464650 -1
1.535069 -0.308363 1
1.011379 0.037586 -1
1.960547 0.158494 1
0.932635 0.372968 -1
0.079710 0.071708 1
0.122855 0.002005 1
1.559701 -0.329323 1
0.250329 -0.130880 1
0.946047 0.419967 -1
-0.644801 0.743317 -1
-1.009193 0.156073 -1
0.827357 0.581379 -1
-0.515606 0.925461 -1
0.015614 0.516206 1
-0.879635 0.521323 -1
0.127626 -0.106205 1
0.010553 0.200228 1
-0.448453 0.916163 -1
0.162655 0.936674 -1
0.439501 0.902208 -1
-0.069030 0.962539 -1
0.293498 -0.211598 1
-0.869091 0.478966 -1
0.654693 0.767126 -1
-0.913620 0.329894 -1
1.809728 -0.053214 1
-0.608748 0.733716 -1
1.660523 -0.244410 1
-0.521188 0.893990 -1
0.099501 0.980453 -1
1.921539 -0.006472 1
0.182014 0.950799 -1
-0.671097 0.723799 -1
0.227206 -0.056192 1
0.876190 0.536952 -1
1.335338 -0.397399 1
1.944204 0.159387 1
2.000329 0.457469 1
0.257808 -0.216039 1
0.442604 -0.351010 1
0.010046 1.046637 -1
0.124659 0.080643 1
1.342026 -0.415801 1
1.838260 -0.032313 1
-0.605933 0.734273 -1
1.682964 -0.239475 1
1.146356 -0.480985 1
0.046440 0.218657 1
1.303452 -0.417191 1
-0.979228 0.132012 -1
-0.322828 0.958996 -1
-0.920889 0.313875 -1
1.442545 -0.423957 1
0.689513 0.794923 -1
-0.676746 0.741471 -1
0.347403 0.978243 -1
0.892699 0.424389 -1
1.948331 0.219951 1
0.135470 -0.025699 1
1.784835 -0.114470 1
-0.588421 0.800579 -1
0.432516 -0.312997 1
1.026607 -0.507080 1
1.349452 -0.372622 1
0.460218 -0.411986 1
0.714618 0.635239 -1
0.739679 0.654425 -1
0.540626 0.857747 -1
-0.723612 0.654084 -1
1.746490 -0.155169 1
0.279578 -0.173738 1
0.993885 0.032468 -1
0.904938 0.482952 -1
0.662989 0.768194 -1
0.234614 0.970686 -1
0.019736 0.422521 1
1.016284 -0.507675 1
0.770576 -0.500053 1
1.391822 -0.425828 1
-0.975410 0.223560 -1
1.396487 -0.398472 1
0.415884 0.925501 -1
0.048594 0.090362 1
0.905626 0.510351 -1
0.989753 -0.002397 -1
0.918395 -0.475404 1
0.157240 0.046553 1
0.236255 0.950699 -1
0.977295 -0.569391 1
-0.064677 0.969434 -1
0.052916 0.352455 1
0.017415 0.341042 1
0.578485 -0.334851 1
0.068930 1.001809 -1
0.666237 0.816597 -1
0.516763 0.899826 -1
0.328826 0.913528 -1
-0.832112 0.481578 -1
0.649899 -0.468460 1
0.941596 0.274437 -1
0.769148 0.589342 -1
1.857376 0.036326 1
-1.035380 0.142792 -1
-0.949357 0.286488 -1
0.980210 0.275830 -1
0.967257 0.112338 -1
0.235000 -0.109943 1
-1.047261 0.196008 -1
-0.336139 0.932234 -1
1.968971 0.239878 1
-0.995429 0.079751 -1
0.464920 -0.307868 1
1.592312 -0.304061 1
0.463656 0.957293 -1
0.836901 -0.467630 1
0.364935 -0.238955 1
0.498670 -0.395618 1
-0.448391 0.941236 -1
-0.419639 0.864598 -1
1.768153 -0.088357 1
1.961868 0.164862 1
1.778340 -0.127490 1
1.577112 -0.270178 1
1.177111 -0.462799 1
0.675524 0.735413 -1
0.796470 -0.508027 1
0.978200 0.225829 -1
0.474304 0.874138 -1
1.875404 0.101050 1
-0.210422 0.958412 -1
-0.032527 0.459548 1
1.547809 -0.310173 1
-0.942685 0.103854 -1
1.549868 -0.292435 1
0.124639 0.044268 1
1.685029 -0.243637 1
0.530588 0.849105 -1
0.999166 0.293738 -1
0.652302 0.669477 -1
0.156050 0.935123 -1
-0.938236 0.346392 -1
0.143597 -0.034891 1
1.169764 -0.503874 1
-0.778455 0.609717 -1
-0.694700 0.808355 -1
1.611991 -0.273740 1
0.472714 -0.361626 1
2.005489 0.471443 1
1.788804 -0.173305 1
-0.793859 0.611557 -1
1.719965 -0.196965 1
1.238092 -0.417803 1
1.876788 0.019172 1
0.401205 -0.225681 1
-0.994411 0.158423 -1
-0.811173 0.456574 -1
0.262263 0.964873 -1
1.428226 -0.374412 1
-0.668649 0.715975 -1
0.058227 0.381718 1
-0.105803 0.953666 -1
0.024535 0.257708 1
-0.343139 0.898017 -1
-0.014338 0.504615 1
0.598904 -0.425566 1
0.664602 0.824868 -1
0.876408 0.511471 -1
-0.687638 0.740449 -1
-1.006549 0.055013 -1
-0.841593 0.490785 -1
1.035305 -0.510120 1
1.933142 0.315208 1
0.244333 -0.145193 1
1.899303 0.233356 1
-0.920295 0.385654 -1
1.098572 -0.446336 1
0.689015 0.768044 -1
0.502034 0.862886 -1
1.346706 -0.459503 1
0.884096 0.388643 -1
1.013509 0.000330 -1
-0.548296 0.855253 -1
1.009340 0.148224 -1
-0.815974 0.620805 -1
0.149542 -0.066966 1
0.638225 0.769018 -1
0.109027 0.086306 1
1.981894 0.366212 1
1.845219 -0.006791 1
1.891257 0.327189 1
0.579949 -0.412455 1
1.758690 -0.074465 1
0.002884 0.339633 1
1.279493 -0.510460 1
1.637926 -0.260200 1
0.787833 -0.499322 1
0.551981 -0.342094 1
0.372135 0.930225 -1
0.589677 -0.405664 1
0.221096 0.955873 -1
1.280603 -0.506639 1
1.156026 -0.490993 1
-0.160543 0.972278 -1
1.064709 -0.464096 1
1.737516 -0.181421 1
0.204363 -0.075130 1
-0.726466 0.632508 -1
0.034414 0.206431 1
-0.143997 0.995418 -1
0.503931 -0.378912 1
-0.431374 0.899047 -1
0.267277 0.921776 -1
1.299588 -0.536011 1
0.768820 0.648512 -1
1.558460 -0.359291 1
0.457470 0.910999 -1
1.552138 -0.273267 1
-0.734137 0.693459 -1
-0.949183 0.317178 -1
0.945451 0.389938 -1
1.796247 -0.103458 1
0.879463 0.536730 -1
0.891136 0.467843 -1
-0.944478 0.365191 -1
-0.793528 0.582741 -1
0.382780 0.897967 -1
0.644056 -0.412085 1
-0.742930 0.721304 -1
0.608926 -0.456561 1
-0.049683 0.999066 -1
0.973902 -0.007071 -1
-0.389182 0.957076 -1
1.125997 -0.506084 1
0.443066 0.851224 -1
0.386096 -0.267899 1
1.983469 0.307086 1
0.116839 0.929564 -1
-0.990538 0.069906 -1
0.009697 0.108462 1
-0.982120 0.079398 -1
-0.872351 0.513027 -1
-0.916076 0.344367 -1
0.070504 0.116343 1
1.742460 -0.143697 1
-0.955540 0.141563 -1
0.695135 0.731453 -1
0.913763 0.314603 -1
0.552609 0.875230 -1
-0.175715 0.986341 -1
1.858301 0.001323 1
0.614959 -0.419299 1
1.383686 -0.448032 1
0.203916 -0.145627 1
2.000038 0.387944 1
0.906519 0.308429 -1
-0.582249 0.845277 -1
0.038315 0.364757 1
0.541130 -0.359499 1
0.866401 0.512699 -1
0.299742 1.008154 -1
-0.856795 0.448383 -1
1.911735 0.093653 1
0.352610 -0.334223 1
-0.242571 0.944778 -1
0.292867 -0.199890 1
1.613088 -0.304321 1
0.489004 0.877172 -1
0.975259 -0.521755 1
0.113997 1.040634 -1
1.973248 0.104000 1
1.956345 0.078351 1
-0.036308 0.432513 1
0.049712 0.391540 1
-0.333757 0.915728 -1
-0.109160 0.962358 -1
1.794352 -0.076349 1
-0.266539 0.936874 -1
-0.422108 0.830523 -1
0.031637 0.183743 1
-0.929514 0.419897 -1
0.806202 -0.469555 1
0.770342 0.589714 -1
0.425539 -0.318846 1
-0.837233 0.604584 -1
1.948207 0.367020 1
0.612138 0.783609 -1
0.911114 0.474103 -1
1.194271 -0.467462 1
-0.865893 0.480428 -1
1.978890 0.199119 1
1.256808 -0.499550 1
1.159732 -0.450969 1
1.961866 0.114617 1
0.018716 0.212335 1
0.097969 0.056111 1
-0.630245 0.807134 -1
1.410841 -0.430423 1
1.176799 -0.487354 1
1.863094 -0.001271 1
0.340086 0.990973 -1
0.763319 -0.477839 1
-0.542272 0.803770 -1
1.619720 -0.242559 1
0.112592 0.981107 -1
-0.998068 0.209373 -1
0.019766 1.018123 -1
-0.909139 0.419417 -1
0.170084 -0.026475 1
-1.059800 0.007982 -1
0.413675 -0.390233 1
0.061190 0.398912 1
0.234701 -0.116896 1
0.450753 -0.336860 1
2.016817 0.451796 1
0.109898 -0.012972 1
0.014614 1.038086 -1
1.409565 -0.391215 1
0.988849 0.099164 -1
0.320543 -0.247014 1
0.771874 0.650998 -1
2.001621 0.291963 1
0.939672 -0.489236 1
-0.214520 0.980459 -1
1.632247 -0.248654 1
0.922737 0.402350 -1
-0.069012 0.967921 -1
0.749557 0.679097 -1
-0.867639 0.526384 -1
0.973807 0.115791 -1
0.928900 -0.497385 1
1.761057 -0.135800 1
0.132002 0.038515 1
0.765116 -0.468387 1
0.072012 0.094202 1
-0.724894 0.710132 -1
-0.701377 0.707600 -1
2.047551 0.437285 1
-0.781939 0.619706 -1
-1.001908 0.177019 -1
0.112673 0.035172 1
-0.445780 0.924870 -1
0.811097 0.594919 -1
0.567406 -0.411065 1
-0.834676 0.543363 -1
-0.357953 0.950253 -1
0.200088 -0.068422 1
0.012752 0.339058 1
2.012615 0.410673 1
1.506301 -0.317432 1
-0.690804 0.711415 -1
-0.431101 0.872937 -1
0.619307 0.813984 -1
-0.282266 0.995062 -1
-0.545252 0.839844 -1
0.288909 0.951944 -1
1.773839 -0.143902 1
0.953877 0.183427 -1
0.859249 0.516664 -1
0.952581 -0.529627 1
0.916997 -0.466081 1
1.979365 0.430759 1
0.752634 0.631192 -1
1.212345 -0.481702 1
-0.482088 0.876448 -1
-0.903261 0.375062 -1
-0.584461 0.803528 -1
-0.001983 0.260956 1
0.593880 0.766380 -1
-0.300992 0.945894 -1
1.991779 0.292072 1
1.989848 0.470989 1
0.033202 0.443475 1
1.036998 0.083067 -1
-0.344269 0.946286 -1
-0.954531 0.243098 -1
-0.897518 0.358669 -1
0.292408 0.904379 -1
-0.987559 -0.015539 -1
0.031212 0.172927 1
0.250791 0.954989 -1
-0.641777 0.733476 -1
-0.983358 0.046491 -1
-0.941396 0.055285 -1
0.101108 0.987064 -1
-0.877662 0.502874 -1
0.136825 0.984044 -1
0.998780 0.230905 -1
1.421303 -0.344377 1
0.270036 -0.168751 1
1.843558 0.073106 1
0.960186 0.224737 -1
-1.029720 0.281864 -1
1.943128 0.219723 1
1.070878 -0.496197 1
0.947476 0.105892 -1
0.418839 -0.339367 1
-0.425235 0.934162 -1
0.692576 -0.491585 1
-0.136289 0.987616 -1
1.856361 0.071721 1
0.826689 0.544973 -1
0.018623 0.971654 -1
0.285910 -0.216443 1
0.875266 0.469632 -1
1.903207 0.124659 1
0.129850 -0.012733 1
0.415274 0.896538 -1
1.925825 0.102656 1
-0.934006 0.341935 -1
1.053398 -0.514103 1
0.041356 1.004810 -1
0.926563 0.441272 -1
-0.846801 0.557330 -1
1.527282 -0.333204 1
1.045962 0.027165 -1
1.651705 -0.255978 1
1.217168 -0.484175 1
0.325185 -0.291514 1
1.223733 -0.478045 1
0.807584 0.522344 -1
-0.955700 0.285603 -1
0.916420 0.385572 -1
-0.771342 0.574505 -1
0.971537 0.246728 -1
-0.554797 0.843758 -1
0.961204 0.233923 -1
0.935574 0.328260 -1
0.441655 0.891565 -1
0.704604 0.735953 -1
0.707897 -0.446964 1
0.028944 0.209808 1
0.842665 -0.479185 1
0.557327 0.809677 -1
1.116218 -0.525138 1
-0.970857 0.239194 -1
0.981123 0.135328 -1
0.842391 -0.505975 1
0.351684 -0.286103 1
1.437130 -0.414797 1
1.979332 0.454664 1
-0.570442 0.880735 -1
1.980805 0.421073 1
0.435576 -0.337785 1
0.296701 -0.144214 1
1.712601 -0.221008 1
1.778570 -0.063892 1
0.825264 0.585785 -1
0.026071 0.334618 1
1.752207 -0.168233 1
1.937046 0.207631 1
0.281267 0.927695 -1
0.060801 0.288151 1
0.972821 0.201196 -1
0.288414 -0.217696 1
0.737357 -0.449655 1
0.700279 -0.469362 1
-0.265594 0.982805 -1
0.695920 0.734263 -1
1.214792 -0.504112 1
0.041237 0.295705 1
0.162627 0.996772 -1
-0.381645 0.911915 -1
1.894335 0.029124 1
0.164783 1.049190 -1
1.693876 -0.228592 1
0.311727 -0.274497 1
0.473437 0.869173 -1
0.893983 -0.468012 1
0.833217 0.570188 -1
-0.711469 0.700574 -1
0.816352 -0.428863 1
0.531233 -0.402440 1
-0.155106 0.983761 -1
1.897501 0.182069 1
-0.105061 0.978597 -1
0.845399 -0.435603 1
2.009216 0.456105 1
0.583924 -0.385024 1
1.809827 -0.067537 1
