0.919514540544234 -0.49635023718171006
0.7577898286462184 0.6599083152975942
-0.2730598899035666 0.9511097527560689
-1.01292392180293 0.05271667647020993
0.3530987183785652 0.9267774347578457
-0.07886996139987426 1.0040341273365725
1.0024459275144832 0.11037411140019052
0.7080741876264153 0.7769663040746313
0.8589855635530553 -0.4612770198916925
0.9809704763568525 -0.4882083966005333
-0.016510555830688292 1.0133523769724173
-0.013105833461899669 0.39164934928755557
-0.3326823637265916 0.968455932499596
1.9731313415527363 0.2818255510105031
1.4749830934446397 -0.38794641203904456
0.23315438586044326 -0.21734083878176255
0.037768129523324666 0.5217735899191315
1.5124730111787454 -0.38513486024302457
0.9820435783987641 0.16145267797091234
0.009566225117417261 0.12990099027874344
-0.8177536723648101 0.46464985088973837
1.5350692272989643 -0.3083631014770797
1.0113790757142544 0.037585630381559314
1.960546981560663 0.15849368031067634
0.9326350560733674 0.37296829967485867
0.07970972832242647 0.07170802563207702
0.12285522324877612 0.0020050460104842766
1.5597013238830857 -0.329322570246037
0.25032882618725155 -0.13088013723872893
0.9460467824472593 0.419967131496954
-0.6448006187603044 0.743316527241893
-1.0091930232613893 0.15607340330457234
0.8273566977721948 0.5813794181406333
-0.5156062372767483 0.9254613223939953
0.015613512068099364 0.5162056576623909
-0.8796353396180021 0.5213228656584318
0.1276257007823862 -0.1062053822809839
0.010553377702783483 0.20022755795100847
-0.4484530089376843 0.9161629476410764
0.16265544033638027 0.9366735542836896
0.4395012023440705 0.9022081709085407
-0.06902956726505179 0.962538574896539
0.2934975984646275 -0.21159799969361465
-0.8690913937688379 0.47896594497009093
0.6546927952011142 0.7671259854701603
-0.913620103838271 0.32989425382309717
1.8097284208301823 -0.05321393548892329
-0.6087482704885561 0.7337155438672353
1.6605229216935726 -0.2444102052527392
-0.521188182928726 0.8939899294545495
0.09950120259580159 0.9804528169959991
1.9215390752919543 -0.0064724910118179185
0.18201430498476512 0.9507993181311158
-0.6710973526081576 0.7237986753461244
0.2272061410295829 -0.05619176472210563
0.8761897196272602 0.5369517732133345
1.335338504357789 -0.3973994102092182
1.9442039615054285 0.1593870036124187
2.0003285406669256 0.4574685459549765
0.2578076654962536 -0.21603864456364225
0.4426035693396258 -0.35101018032222364
0.010045937718859376 1.0466365609544241
0.124659308531654 0.08064318431850519
1.3420255862302592 -0.41580052874630963
1.8382604262972988 -0.032312761428267445
-0.6059325407082703 0.7342727998177627
1.6829641263480208 -0.23947509704113573
1.146355833917249 -0.48098474694428067
0.046440388327294885 0.2186566464888379
1.303452371562035 -0.41719121076400795
-0.97922833271975 0.13201217414721234
-0.32282808502474686 0.9589961073514393
-0.9208893904004115 0.3138749780653724
1.4425452456538652 -0.4239568488618512
0.6895130928843148 0.7949232875611737
-0.6767457178983223 0.7414710300096699
0.34740271498808006 0.9782431606523047
0.8926994579885235 0.4243893275242009
1.948331049135811 0.21995059344560924
0.13547036665427956 -0.025698764247553386
1.7848345028814585 -0.11447039363486908
-0.5884205971316476 0.800578943424912
0.4325162945827471 -0.3129965762082257
1.026607420239648 -0.5070804146975002
1.349451703863519 -0.37262205157971345
0.4602184282372878 -0.41198578578573636
0.7146181167805624 0.6352388908527842
0.7396787934886293 0.6544245684296224
0.5406261064615134 0.8577465456471869
-0.7236122607513342 0.6540837262480299
1.746489725335853 -0.155168774757429
0.2795782271285331 -0.1737375906038173
0.9938847882732865 0.03246841971103059
0.9049375377177356 0.48295161509423196
0.6629893551342776 0.7681944430645882
0.23461354978029234 0.9706859283988607
0.01973618755040171 0.4225206608665669
1.016284050490661 -0.5076753494789895
0.7705758724307264 -0.5000528458251688
1.3918214711141166 -0.42582772706880784
-0.9754099599587904 0.22356009578532277
1.3964871480014118 -0.39847211428906537
0.41588367054148545 0.9255011028046893
0.04859383976442787 0.0903617083927196
0.9056262261418914 0.5103514878626004
0.9897526052065981 -0.0023966664023126055
0.9183946462832439 -0.4754043544771201
0.15724005034594984 0.04655328716303324
0.23625523043811728 0.9506988096230429
0.9772952098659512 -0.5693905097650896
-0.0646769642751969 0.9694340725124296
0.05291630821987108 0.3524552477515251
0.01741534052115246 0.3410423110269997
0.578485312374423 -0.33485058524934713
0.0689299386996024 1.0018092033886186
0.6662368484536985 0.8165973281066331
0.5167626623259373 0.8998254897223515
0.32882552176229984 0.9135279606861436
-0.8321117006014802 0.48157839364422883
0.6498990026603746 -0.46846012330956044
0.9415960496760988 0.2744374479357478
0.7691477321845281 0.589342476516439
1.8573762016697344 0.03632642585100392
-1.0353800121118855 0.14279185163966007
-0.949356904910337 0.28648768949723696
0.9802099625522989 0.27582986840418744
0.9672572710013869 0.1123384317154364
0.23500049797141714 -0.10994273669732837
-1.0472613426299933 0.19600808183587776
-0.3361386266049377 0.9322337668102206
1.9689709810254294 0.23987762752098635
-0.9954286650889984 0.079751261725071
0.46492041324570194 -0.3078676610148145
1.5923114780150678 -0.30406062399898426
0.46365632396498585 0.9572928167582508
0.8369007777824028 -0.4676299478759093
0.36493523128018 -0.2389549337664793
0.4986699373908988 -0.3956181349830144
-0.44839059382738816 0.9412358444695476
-0.41963942756252387 0.8645981521449335
1.7681531458213298 -0.08835683643475631
1.9618679393329266 0.1648624932564878
1.7783394655832647 -0.12748963877904892
1.577112492839113 -0.2701784729896803
1.1771110292089957 -0.46279886677594356
0.6755241929522554 0.7354131598134909
0.7964703468918696 -0.5080265168482705
0.9782004989895773 0.2258291401004714
0.47430352525310093 0.8741379432360766
1.87540427101714 0.10105005146950471
-0.21042201720841036 0.9584116713788771
-0.03252658084852251 0.4595476644798227
1.5478086586204545 -0.31017345779957206
-0.9426853433086502 0.10385426388604894
1.5498678971229096 -0.29243506606024755
0.12463921765372905 0.044268098930313526
1.6850286757170132 -0.24363676414169744
0.5305883146543476 0.8491054835557073
0.9991656259800664 0.29373802290133255
0.6523021503710835 0.6694774869206823
0.15605028195174772 0.935122946051791
-0.9382355385241435 0.3463920472318649
0.14359730799152337 -0.03489110771509258
1.169763972057764 -0.5038738268692002
-0.7784550930460616 0.6097167749662171
-0.6946995806665991 0.8083550922808069
1.6119909681078957 -0.2737396333381354
0.4727135773218452 -0.3616257419125976
2.005488733879467 0.4714427242410843
1.7888036422937168 -0.17330530780920017
-0.7938594709303187 0.6115568812354674
1.7199654031432918 -0.1969651482419283
1.238092228873589 -0.41780264423308394
1.8767881952733758 0.0191723224079677
0.4012051495358234 -0.22568145882006885
-0.9944112158970556 0.158422543674748
-0.8111734621152326 0.4565741507169029
0.26226278913380374 0.964872526760112
1.4282263797021237 -0.37441230317699165
-0.6686491390962451 0.7159750252889239
0.0582265903088675 0.38171834247946157
-0.10580264856807718 0.9536661531678562
0.024534551927193213 0.2577080073023384
-0.3431387012173119 0.8980172603154124
-0.014338104925437464 0.5046152487053794
0.5989037372928139 -0.42556561363943657
0.6646015579937415 0.8248682443450757
0.8764076977618325 0.511470627227196
-0.6876379953981467 0.7404486004580961
-1.006549416335878 0.05501310459561102
-0.8415926454681935 0.49078541011730725
1.0353048184392166 -0.5101202483161776
1.9331415654604496 0.3152076656151259
0.24433316047323128 -0.14519265818695895
1.8993029637357035 0.23335584563131873
-0.9202949905009502 0.3856538012224934
1.0985715751540162 -0.4463363670312232
0.6890148410045865 0.7680440808552941
0.5020342246160924 0.8628863588408607
1.3467062151881943 -0.4595029613799244
0.884096417649437 0.38864255394228986
1.0135088830253909 0.000329888211794499
-0.5482958923189275 0.855253349666623
1.0093403176816773 0.14822359163778723
-0.815974462925606 0.6208049075086779
0.14954193970996957 -0.066965602058587
0.6382254645116413 0.7690182579178163
0.10902724530577637 0.0863063442678276
1.9818935631196208 0.36621236895838966
1.845219313118308 -0.006790992658130629
1.8912570026025068 0.32718898434681654
0.5799486705160475 -0.4124553671001474
1.7586898971654268 -0.07446465674998015
0.002883551225233617 0.3396331961652844
1.2794930305237093 -0.5104596319789666
1.6379258976484314 -0.2602004010855555
0.7878334288178166 -0.499321875681638
0.5519814097232285 -0.34209442850196625
0.3721350340678234 0.9302251935962096
0.5896771720040576 -0.40566438243224817
0.22109549934555361 0.9558733577749638
1.280602618393572 -0.506638505161278
1.1560258641076586 -0.4909929789691355
-0.16054332865842955 0.9722781669238102
1.064709141758262 -0.4640955344045198
1.7375156358946067 -0.18142079956057222
0.20436306190957212 -0.0751303374885663
-0.7264660162658008 0.6325083713499572
0.03441356604325307 0.20643061198469978
-0.14399731563103396 0.9954181265101909
0.5039305949793165 -0.378912454661516
-0.4313736038809851 0.8990472825937981
0.2672771439012424 0.9217761997565193
1.299588224298863 -0.5360113753616437
0.7688200930593644 0.6485122635250272
1.5584602371453613 -0.3592914559902183
0.4574697050810515 0.9109987766897869
1.5521383274386404 -0.2732672112784438
-0.734136778086018 0.6934590711805201
-0.9491826244548138 0.3171775810353836
0.9454509945242898 0.38993772521732323
1.796247482058777 -0.10345787993696405
0.879463443493803 0.5367295476090124
0.8911358032562526 0.4678425379756832
-0.9444780737670404 0.3651912049424808
-0.7935284021938668 0.5827414249301267
0.3827799608547689 0.8979673714929725
0.6440562990339012 -0.41208520376290664
-0.7429296409661779 0.7213039754508215
0.6089257236606478 -0.45656103370485185
-0.04968276198465498 0.99906559398991
0.9739015230362837 -0.007071330495418922
-0.3891823754593551 0.9570756252967654
1.125996795541849 -0.5060842770205773
0.4430664094462991 0.8512241099952624
0.38609553995201984 -0.2678993469260467
1.983468578425874 0.3070858887406589
0.11683882784477215 0.9295639949153969
-0.9905379792097481 0.06990598636611517
0.009696585770629956 0.10846163354955474
-0.9821204818833607 0.07939840967641792
-0.8723505743822468 0.513026558947626
-0.9160757988403803 0.3443666525281959
0.07050352716042532 0.11634299583717649
1.7424597326211906 -0.1436966065374198
-0.9555400889672019 0.14156318266737566
0.6951349697568241 0.7314528293529755
0.9137627378809364 0.31460329053226094
0.5526092120065743 0.875230456722343
-0.17571451794449272 0.9863406921883212
1.85830137095604 0.001322691311286199
0.6149591408068229 -0.41929885766136943
1.3836858449030183 -0.44803158414038347
0.20391646501532823 -0.14562722585941834
2.000037667811005 0.3879440961278283
0.9065185812867437 0.30842895768465317
-0.5822490617360586 0.8452766227125236
0.03831492994063136 0.36475733770286894
0.5411302254013927 -0.3594985680580368
0.8664013563129485 0.5126988260038121
0.29974165431129657 1.0081536166766405
-0.8567954746959981 0.44838346811447954
1.9117348586655476 0.09365293836485154
0.35260977802275834 -0.3342228015170461
-0.24257137292865588 0.9447776394415084
0.29286717445080773 -0.1998897845621071
1.6130880651456068 -0.30432105263534837
0.4890043586914188 0.8771721443844358
0.9752592078313655 -0.5217549106882139
0.11399741010638245 1.040633711420305
1.9732481197599738 0.10400048933383724
1.956344962718447 0.07835068088359443
-0.03630817144949371 0.4325132399305693
0.04971154884283437 0.39153990481907647
-0.33375706989612286 0.9157282021710548
-0.10915984469195122 0.9623576069522468
1.7943519650961939 -0.07634902258071545
-0.26653881949785024 0.9368738447937831
-0.42210766547516315 0.8305231063789773
0.03163690838520724 0.183742838330575
-0.9295144448282424 0.4198974236693141
0.8062018688415733 -0.4695554912401635
0.7703420934016547 0.5897143470382435
0.42553878807167345 -0.31884570573835147
-0.8372327378950027 0.6045837802260807
1.9482073475121335 0.3670196033683645
0.6121377516656968 0.7836090654581537
0.9111138940859321 0.47410332471845573
1.1942707067828602 -0.46746169302347684
-0.8658925615338858 0.4804275496160371
1.9788902157934312 0.1991186067004981
1.2568077937370674 -0.4995499335825643
1.1597318003280765 -0.4509691455902653
1.9618657092088916 0.11461715327308486
0.018716404332977204 0.21233459110061698
0.09796935812598243 0.05611060928446238
-0.6302447885043265 0.8071336152781331
1.410840792889298 -0.43042319829356734
1.1767989018697422 -0.48735373288352823
1.86309357546264 -0.0012707476515626884
0.3400855619533052 0.9909732684149284
0.7633193988751037 -0.47783940374403566
-0.5422717911072714 0.8037698688948944
1.6197202997606706 -0.24255860474889823
0.11259207789150952 0.9811068304954148
-0.998067765839832 0.20937275397553637
0.01976640715141068 1.0181233220916475
-0.9091392222817113 0.41941740227633684
0.17008380367989748 -0.026474970761475626
-1.059799763328768 0.007981735502950504
0.41367543757240643 -0.39023279207860306
0.06118963030902109 0.39891248566692
0.23470076160149955 -0.11689587108565586
0.45075283776974895 -0.33686017583117595
2.016817431651881 0.45179596719514165
0.10989773720887386 -0.012971665412250734
0.014613612981331701 1.0380860510958305
1.4095648457900205 -0.39121504608519775
0.9888485364035071 0.09916399512729711
0.32054294942671213 -0.2470136771776371
0.7718744757330231 0.6509978471251093
2.0016209271437106 0.2919631168912106
0.9396724684232447 -0.48923645926927883
-0.21452027775574994 0.9804587437578035
1.6322473548730945 -0.248653932814184
0.9227371947841767 0.40235036448844724
-0.06901228902173746 0.9679208497858065
0.7495570324528662 0.6790970755422399
-0.8676388563745439 0.5263838452499696
0.9738064876592059 0.1157914867134334
0.9288995030200164 -0.4973849958982026
1.7610568176376573 -0.1358003383345084
0.13200171824564497 0.03851500879038274
0.7651158120646636 -0.46838670884003125
0.07201154986867336 0.09420224791051257
-0.7248935886224801 0.7101324233787019
-0.7013771599193295 0.7076000517912466
2.0475513766190634 0.4372845992150304
-0.7819387374430609 0.6197056056368414
-1.0019083121643875 0.17701903985186546
0.11267252098924947 0.03517184743553632
-0.44577992236093916 0.9248695494426409
0.8110974547363679 0.5949191460307781
0.5674058106721646 -0.41106533195405676
-0.8346763109125915 0.5433626249531357
-0.3579534258411082 0.9502528663247215
0.20008773954568257 -0.06842220396883668
0.012752485897219475 0.33905824295038756
2.0126151875783997 0.41067254182691515
1.5063012328600878 -0.3174324583947735
-0.6908037860654982 0.711414487751788
-0.43110056600248303 0.8729368733171674
0.6193067365023064 0.8139840826895236
-0.2822657694578739 0.9950623545346121
-0.5452522824769094 0.8398438974031459
0.28890911715986906 0.951943540678351
1.7738389532529708 -0.14390166916886776
0.9538772827958623 0.1834274972299112
0.8592486265871264 0.5166637937717085
0.9525805933333448 -0.5296269576714492
0.9169972069099318 -0.4660810987043015
1.9793654224202857 0.4307589944751035
0.752633755934395 0.6311923136867933
1.2123454804306875 -0.4817017300380731
-0.48208792703130426 0.8764481747786117
-0.9032611323846723 0.3750624778028887
-0.5844607860965 0.8035284933196114
-0.0019825161281664255 0.2609562362814484
0.5938803002279058 0.766380279030857
-0.300991823847659 0.9458943668384253
1.9917786171226322 0.2920715198169365
1.9898476748444085 0.47098928440343474
0.033201937221749606 0.44347513667241384
1.0369982793243964 0.08306653591992147
-0.3442692888610638 0.946285827165953
-0.9545313174490022 0.24309837648060928
-0.8975183153155776 0.35866940569528344
0.2924084615171576 0.9043787491250904
-0.9875595184875989 -0.015538665278433289
0.031211786153902677 0.1729272366766996
0.2507907845319869 0.954988899028612
-0.6417765697387138 0.7334757506508017
-0.9833582404388048 0.046490910227219524
-0.9413955880199226 0.05528489603793199
0.10110756367890525 0.9870643716261813
-0.877661969314794 0.5028742190074199
0.13682465325737597 0.9840438226858617
0.9987798640505289 0.23090530768522924
1.421303071591655 -0.34437674002424146
0.2700358171004726 -0.16875080417269847
1.8435578678333981 0.07310646778551536
0.960185949254037 0.2247369016678447
-1.0297198098925373 0.2818635126044753
1.9431275167453648 0.21972330024820605
1.0708776257352077 -0.4961965618269133
0.9474760511848859 0.10589194928747445
0.4188387060733397 -0.3393670245057895
-0.4252348144970123 0.934162095976395
0.6925763450376585 -0.4915846280063855
-0.13628875089533343 0.987616443845742
1.856361140370973 0.07172059505866882
0.8266886642587126 0.544973319380601
0.018623384430975165 0.971653704896709
0.28591013361740364 -0.21644275643413374
0.8752655997304939 0.46963166615572294
1.9032071030164692 0.12465922813211644
0.12984987544122115 -0.012733340307779636
0.41527438107878367 0.8965378748676288
1.9258245396242653 0.10265603557631744
-0.9340061137368416 0.3419352667721495
1.053397922784176 -0.5141030631918612
0.04135600708811524 1.0048095977770815
0.9265630982198316 0.44127189045206044
-0.8468007691883221 0.5573300141907235
1.5272816371596174 -0.3332041350186918
1.0459617364630325 0.027164872912066332
1.6517053181754597 -0.25597749658956703
1.217167798423328 -0.4841752323987957
0.32518524168645735 -0.2915143279563478
1.223733418152274 -0.47804533648978365
0.8075837492540717 0.5223438229483524
-0.9556998937082561 0.2856028389842873
0.9164198037397817 0.38557199961713523
-0.7713415320343612 0.574505123730024
0.9715367093547205 0.2467281336753759
-0.5547972951544469 0.8437580434894085
0.9612035005500029 0.23392343744478647
0.9355743158019811 0.3282603364899136
0.4416549635020837 0.8915648992199152
0.7046038669934781 0.7359532989586486
0.7078965762001276 -0.4469637842435672
0.028944425288295127 0.20980776813838442
0.8426646708959049 -0.4791849617809081
0.5573265551183455 0.8096774015074417
1.1162177542358376 -0.5251383620035946
-0.9708569399134264 0.239193853168922
0.9811233377199493 0.13532779983937746
0.8423906163507383 -0.5059748700336237
0.3516840029061402 -0.28610309355499874
1.4371295625457805 -0.4147969263249949
1.9793318754857046 0.4546643911889423
-0.5704420670865871 0.8807346391295676
1.9808049649248323 0.4210726470032822
0.43557583104003184 -0.33778514002669385
0.296701285840311 -0.14421431817108704
1.7126011814790996 -0.22100771748490403
1.7785699350994315 -0.06389243402293697
0.8252640103716853 0.5857853827651699
0.026071072194668136 0.3346184591007098
1.7522067524788687 -0.16823279488530898
1.9370458385150475 0.2076312905764193
0.2812669251104677 0.9276946932003084
0.060801254071545296 0.28815064025419257
0.9728212252873341 0.20119600902000287
0.28841360946937417 -0.2176958503202446
0.7373568614879492 -0.44965453885696977
0.7002786037603888 -0.46936206482899967
-0.265594175255785 0.9828049078938627
0.6959196969498476 0.7342634915948788
1.2147915738549555 -0.5041123839287528
0.0412372385857619 0.2957053857393609
0.16262740087203684 0.9967721729896921
-0.3816451218014 0.9119147906233673
1.8943352447587283 0.029123512685062275
0.16478288406477534 1.0491903379518879
1.6938759016445795 -0.22859167715513895
0.31172671977903743 -0.2744967361004093
0.4734367536178955 0.8691726782243728
0.8939830352253605 -0.4680121160919109
0.8332170976190554 0.5701881194259624
-0.7114686645083991 0.7005736317449108
0.8163524300328084 -0.4288633702627557
0.5312328087820236 -0.40243997181985225
-0.15510595321625126 0.9837611919820132
1.897501315015962 0.1820691627285566
-0.10506115091627741 0.9785967919956058
0.8453993824848215 -0.435602833850664
2.009216300134279 0.45610530885528555
0.583923747654362 -0.38502381808096026
1.8098271520201317 -0.06753745262025036